1224
4313
3643
4601
3014
4044
6190
509
4190
1169
7818
3361
4770
4970
6244
3348
500
5562
7669
1674
4937
6015
3256
2454
6052
5869
545
264
1010
368
3778
6751
2000
763
3509
6320
1639
2084
2759
3925
5070
6330
853
5168
5526
7157
7518
1023
708
7092
882
4459
6623
6458
5299
3748
6251
3993
7539
7751
1961
2479
675
1503
1218
7483
1576
8144
5487
1699
2831
4181
6020
4082
739
4301
1640
5040
7199
3789
1509
6795
1997
3581
3670
7470
4108
2420
6684
2093
2033
1493
7412
4451
2230
5442
6553
1382
2415
2624
5899
5489
7430
5958
5950
5102
548
1918
6155
5112
1928
2867
7055
6936
7827
4287
4445
6106
6291
7820
7035
3948
2815
1419
5336
3239
1442
7384
632
2184
4036
4472
7282
5813
307
7211
2252
6371
3926
5844
5727
520
568
5271
32
8180
5314
3981
6768
862
1095
3625
1907
796
4332
2579
7609
7927
7649
6454
7561
3185
7149
510
1414
7259
7715
2140
2480
4385
3062
5230
1719
5192
5324
4715
4060
1017
1766
6649
1370
1344
2664
6325
2029
123
7538
2564
7936
7680
810
1953
5330
1058
5154
6168
4104
6672
2412
1812
318
5824
5172
3224
2201
1922
5236
3583
7042
163
4726
4344
2783
1072
5551
6003
4751
3614
4873
3674
5648
7681
4080
4953
2908
6022
4029
7333
5554
5434
2208
2895
6688
6983
5476
1186
5890
3178
3532
97
1952
5979
3901
4254
7909
7670
2602
2732
2275
6395
390
148
7344
7125
3134
1694
706
1650
7001
3264
7905
2956
2168
1386
5911
5248
4754
4051
8054
4672
2232
7745
3285
3911
4107
5072
1973
7429
1783
6762
1708
4048
6255
3966
5213
4103
3270
339
2572
2054
3166
7027
5010
7792
6351
6620
4542
6012
2385
4722
945
3294
2830
2459
4412
531
8049
3063
1619
5174
2495
192
465
5635
6545
2435
1638
3187
5060
4801
3060
8084
928
7010
35
5837
2673
741
2072
7586
6759
7443
2655
3672
6413
1078
1652
2117
6091
3648
5276
5920
4374
4491
4540
2793
1838
6707
7860
3189
989
1055
2024
6807
797
7106
2904
827
6761
5819
1420
1263
4758
3836
7714
2903
4191
12
6452
3821
4091
328
5516
8057
3558
2747
4834
8175
1322
6686
1228
1734
1299
2816
7805
2258
5520
4756
3261
2801
6117
2643
3881
2255
6063
8139
501
2053
433
2842
61
2528
6017
7252
2159
6798
5260
6941
8295
7616
3288
7665
4433
5461
8267
6788
314
6083
4288
6254
5335
7131
3869
1979
6290
4598
2248
1194
642
1427
5445
6724
5328
6296
105
877
1698
1270
3375
7602
1648
4350
7262
6137
3479
1626
187
2499
7415
6987
6932
1306
2586
6036
5004
8130
4481
4070
7279
2787
3983
7587
2414
7672
5279
2399
7048
4823
3020
1602
940
2451
421
6550
2171
1695
799
1727
5118
8194
1159
7112
5237
6563
7897
3519
6037
6
7242
284
5117
218
4457
7341
1857
1566
6519
298
8039
4449
6365
7045
7329
4669
3386
8086
7630
4947
5589
1522
3591
4510
7650
7958
3762
1829
4914
1446
3830
2318
50
2918
7848
6640
592
2913
2817
8048
7875
2659
525
2197
7883
1429
3487
1560
288
5560
2268
3646
6058
6387
5672
265
6310
7343
5513
4905
7467
8040
3567
7550
6474
4064
5415
7688
7788
2176
5429
4432
52
8217
3849
211
5572
7962
3360
7800
2671
1899
4693
5603
730
4269
3798
2472
3924
6779
2820
375
7597
1692
4160
2870
2389
8226
855
6133
7174
3206
3606
3086
5304
6911
1949
3154
3867
6976
4272
2554
5065
4513
8196
2398
471
6457
3170
5169
1357
6210
4915
6571
7432
8184
1315
27
7563
4145
6833
5099
5156
3757
346
1256
3263
773
7023
2972
1096
289
2277
3293
207
461
5351
3524
683
2705
4532
3336
5214
6414
943
4474
7322
1016
6349
3951
7989
6103
5480
6697
4217
4253
6946
6009
3044
4159
7168
3979
6825
7824
162
3844
1702
6612
2387
516
7496
539
1236
8059
3904
1555
5793
719
2892
84
3196
1490
4697
3269
6914
5954
5404
2565
4580
6401
4687
1003
3232
6215
4818
484
371
5034
7728
7931
8158
3002
5588
5945
2291
6110
2137
1587
2886
1108
2156
7482
1230
959
23
7944
165
6732
7799
5090
4731
1289
4865
3616
6329
8292
4738
2188
6354
7963
3686
2718
1763
402
2172
1246
7925
7592
5669
2444
196
7230
6108
3986
5510
7556
7410
7288
6312
382
5029
7180
2774
3008
358
319
4059
3486
8291
5768
3992
4410
2973
1942
4968
4479
1506
8216
7003
6938
6265
437
5360
5756
2639
334
5157
6352
5284
7809
420
3033
1508
967
826
4435
2530
1340
669
729
7132
243
2911
5272
4971
5394
6060
705
7400
7472
3431
3504
3677
2601
3788
7889
5264
2358
6703
5446
902
2840
1689
5151
3378
7377
3119
6729
1018
1582
4534
2125
2345
6107
2775
1606
2684
4210
5251
1891
5265
333
2261
8275
4956
4832
6101
7285
1412
1562
1802
5957
2078
7097
3470
2694
5507
2321
4065
2246
571
942
5605
5654
8092
8314
6000
772
594
4130
962
8140
1225
2119
5288
7659
6984
3445
1981
4227
2082
7705
5930
1087
5504
3231
6957
2692
4843
250
4434
8265
39
4541
6078
4764
3007
4233
149
1842
4980
1820
8085
7310
1254
6728
6898
6045
1281
7640
237
3370
7218
1519
5995
5186
6233
3253
6080
7297
4986
6951
4361
6263
7866
7571
3340
5599
3498
720
2545
1241
1747
3083
5362
5235
2988
3372
5625
3571
4615
1774
5121
5914
733
7407
8229
5306
662
316
682
5006
7604
1779
6859
7436
1220
3548
6567
93
3210
326
7746
1649
5188
5341
4624
6862
8308
4998
127
7689
1974
3058
7360
6415
2335
674
6712
1074
8074
6392
110
5382
7437
3257
7264
3474
7505
1729
7675
7137
4991
1809
2424
1037
1048
6257
3930
8035
4552
3743
6203
717
3201
3726
2094
960
3741
5389
2394
3980
2160
2393
6247
3758
4180
6172
6505
4851
6973
872
6154
3612
937
4111
2836
7531
4907
4303
5705
1478
6194
2822
2287
8005
3159
7063
7284
6021
3705
4009
3807
8155
6465
7870
359
3438
1223
156
6252
6185
457
3782
214
5558
8055
3059
6477
2337
5615
2714
1043
2976
1049
3848
5832
1124
6500
5129
3406
4172
5043
5189
7316
921
4375
1375
3950
5384
3897
2738
4280
7910
971
1770
6622
7720
2672
1535
6162
1831
5378
4143
1226
2994
7254
4592
3245
2768
5163
5289
1497
3827
4701
4690
7313
6347
6055
8193
2372
1440
7623
4200
5016
6548
3024
3112
7707
5904
3945
2431
731
4216
2181
5961
2377
6279
2512
400
19
5780
5204
3749
7447
6068
527
5164
5262
1063
4769
5206
7247
2630
6748
1379
4367
7370
3308
6704
4634
6933
3832
2733
4463
5820
5818
2112
6570
469
4776
3852
8031
7320
1762
5749
6503
6456
182
7109
5997
1130
1327
6518
4030
2433
2110
978
8020
3927
2991
5437
5823
3175
6114
8262
6769
3393
1528
3352
6572
5527
6268
4895
5883
2678
7460
4855
3837
4681
4182
2487
2875
1971
7520
6935
2961
2245
1523
7178
1830
6962
2239
4725
5505
4257
2982
3098
4767
1585
710
3655
2411
5224
1455
1336
915
397
6945
6592
7248
4836
80
4593
3017
179
6924
4438
1617
1196
7759
4516
5709
6333
3886
8142
1006
7594
4979
4990
7385
1826
7445
2823
2100
6388
7884
1903
7593
2897
1893
2269
5801
6797
6557
5059
6473
1742
8198
321
287
1749
6860
3041
6942
311
5275
1221
4426
1432
8230
4004
2824
515
1143
5512
894
6750
5591
6241
3244
6105
2305
1586
4062
1810
7356
3649
1691
6629
758
668
5617
8132
1599
5902
3021
4073
2449
4146
3493
2713
6112
4042
2665
5545
7152
2260
5147
4249
1457
2104
5688
7086
6417
3113
3071
771
4386
8091
6889
7292
8169
1792
3858
7078
7275
8032
5713
5653
2426
7277
1434
1154
2121
5001
2995
2422
7423
10
7566
505
7888
846
4740
3362
6242
7867
7283
3546
2272
7084
6256
7413
5531
345
5523
2876
1718
547
6146
3974
5199
3126
422
4950
2666
5449
4337
1757
2573
5646
4571
481
4140
5185
608
4562
4850
2105
7764
3333
7498
2531
4733
1896
5203
5983
5529
7578
8042
286
2478
3174
2834
4312
6184
1082
7992
62
2967
330
124
8094
6756
2949
3410
6700
2216
4827
1572
3032
5273
5048
2571
875
2047
3961
1886
4484
3124
7654
1300
5811
1002
2603
72
6955
1914
1819
3533
37
7543
1737
2226
4607
1764
4195
6391
5425
6668
2710
6470
6065
1705
1767
3654
8163
6035
583
6777
7228
4524
1038
1988
8137
1877
3337
6823
5732
1498
8247
7560
7879
7204
6908
1482
40
7497
2004
7347
5176
3418
5806
623
3802
419
4406
4056
1487
5269
5524
1155
3109
2051
2999
1109
3689
4933
5423
4964
1103
7015
290
8062
3997
5574
4597
1630
5296
5604
3132
6236
4856
4627
5946
8258
3387
3453
506
7130
4509
1589
4796
1040
2077
5737
1477
7037
876
4224
7328
7999
6741
3756
5226
7153
6094
7351
7599
6472
73
5514
1944
4617
6874
3515
2615
2186
5171
5696
6229
7127
5951
7195
3401
1956
6353
7507
5349
7917
8110
1547
819
5280
6159
3092
2700
7098
4203
2971
7295
2189
2850
8112
6643
3550
7834
4698
5361
135
42
1732
7916
4196
3052
1277
4292
5701
3885
4646
2527
4584
6487
5219
2693
4241
1501
117
841
6408
7894
4995
4000
6921
6918
3365
6396
7463
2721
5971
201
2091
4975
1437
1596
6861
1193
8266
8286
2786
1684
4952
8114
6193
3212
5522
6348
7276
477
1391
88
5297
7924
8009
2681
8252
6902
2890
3818
6386
3510
5751
3356
1805
825
7724
1916
2271
4786
1372
491
5660
5088
3004
6515
3838
5187
2696
8050
8183
7405
480
2609
1053
454
782
1904
3636
1527
7150
7776
4765
7260
4338
2127
5851
1866
2669
924
659
159
4734
1726
7722
7353
6597
923
3564
3141
8309
4854
756
7209
6109
3528
4198
5817
2685
2722
3600
9
14
1164
1000
6409
3506
587
3530
4829
1887
6716
7810
11
213
7494
4666
5038
3601
6038
6726
704
1050
3637
6662
7863
8274
1394
534
98
3341
5495
1409
4402
7088
55
1962
4582
8244
6939
2553
67
4501
4115
8024
6406
6308
8015
2300
7684
1134
3252
5833
2267
2370
6555
3824
824
6113
1039
7509
2083
7569
3610
3917
2677
5847
2224
5453
6439
4721
1178
3598
5679
3626
1731
5142
7855
4710
7301
3622
2116
4281
4757
7899
456
3632
6884
3828
6073
7250
6496
7904
3996
3887
7998
3813
3787
6082
4993
1514
5717
4583
3912
2943
7996
5651
0
1777
3238
5569
7968
7547
7881
6059
4346
4031
1613
1803
1897
8178
1013
2752
5008
2929
7205
1785
779
1556
5988
5980
5876
3544
3763
3048
2866
3943
1146
860
145
6378
6906
5721
2983
1275
4393
5022
6974
2917
4910
6307
5233
7915
6298
4763
3107
3149
1800
1921
3525
4730
4653
4489
4675
5932
5757
3436
7796
1070
6972
702
617
2520
7756
4926
7233
3040
7952
6069
695
7555
3039
7311
829
4334
972
2009
1787
87
6188
3169
1874
2203
450
3725
7307
5730
8128
4027
7511
1232
7197
929
5742
4810
2152
5443
3843
2500
2408
6949
7388
7849
7006
1700
4480
6701
4587
801
3661
6616
6782
7094
3659
180
4084
6969
6342
2263
3280
3488
944
3292
4226
4021
198
262
5543
5561
3186
6982
219
798
3562
5910
630
6824
205
5901
2443
1941
3937
5745
4686
3026
784
4462
7203
2727
4879
7552
7778
1374
2539
5348
6574
7140
7269
5600
7914
2097
3084
4039
6696
3639
2792
4605
6917
2458
2367
3511
5398
153
6991
6149
1846
4336
5050
6863
7419
6475
1710
104
6090
6002
1917
2322
5450
2467
279
820
7047
3439
2985
4978
5418
6837
7499
398
5488
7920
1583
2508
6093
2605
2114
1474
4696
7598
6277
4475
3940
238
7612
7970
813
5656
554
7541
3731
6394
7234
4680
4922
2593
2218
1491
1278
1460
5412
5268
2568
4503
215
2149
3542
6201
1821
2086
6523
57
2439
1951
3724
3379
5873
8165
3660
3015
3642
6774
129
3066
2383
8019
2465
1069
2182
5711
5938
2108
2863
7487
2049
1255
3090
7490
6803
1079
2141
6447
5606
5439
7032
2931
852
2592
776
2856
4345
6706
2958
1326
6977
4585
3073
7173
4500
3772
726
5339
5518
108
866
1208
4720
7011
1247
3969
7372
2409
7382
2900
4859
3505
6753
7083
1733
822
41
1885
4461
4648
7611
1982
3321
4543
3613
1192
578
5629
2056
6537
369
5190
2770
6525
5161
2011
6771
878
7852
6122
6270
3806
1880
5110
5018
5555
5636
4936
1152
3213
6085
6776
5459
8056
5092
472
1910
6815
8108
6134
6170
6087
3236
3973
7089
381
2611
7693
7249
7947
7577
252
3502
406
2883
4530
4511
524
1397
5894
7085
3279
5435
4395
2776
235
3728
1125
4243
5825
7686
5303
1744
2113
1041
8022
2349
1909
6577
3312
7510
1622
3773
7753
4136
3931
4515
2806
5017
1410
2183
5808
1036
7012
6927
6144
5917
1461
3268
3367
611
4001
47
4166
5194
74
1356
66
6455
4308
4724
5170
7691
5393
4309
3492
5546
6569
4811
626
6511
7652
3520
6034
3952
2519
5989
4692
7136
2667
7990
1600
644
2581
1632
2357
6828
2491
5799
6166
2395
2998
3097
3909
4326
3120
5197
6896
7072
4270
917
6232
5991
4250
350
4577
1628
3091
6344
6509
4581
6786
3710
1603
7600
5922
2428
7417
399
189
5416
6725
8311
387
158
2421
3304
3777
652
6970
3877
4897
7477
4620
6223
2980
1197
873
4794
2570
5990
3301
4638
802
4924
1163
532
5281
5886
793
6508
4242
7129
979
2654
4917
2020
5069
2871
6699
6028
3823
6838
1367
4904
2290
495
715
7651
2259
3070
5479
109
6639
4735
1645
6626
7837
4881
393
2223
1553
1352
4248
5624
8017
6826
3069
3043
71
442
7565
1655
3704
3034
4261
5074
2556
7245
3234
7617
6909
6647
6744
5736
7729
366
1746
933
1824
2483
8179
6152
8276
5923
5836
654
3320
3589
1360
1094
6864
5064
8117
8271
1211
6747
7767
3144
3477
6448
8185
5465
7807
6440
3517
5553
6136
2986
7229
3553
2302
4446
684
7181
6428
5027
3183
6961
4994
7732
3754
2288
2928
1709
6485
7227
380
1548
7758
5772
6899
354
7842
4492
2864
3230
3096
8096
6492
8027
1539
1745
7323
4830
6174
2359
2254
2563
4814
6886
2264
1149
7621
3397
2652
5223
4169
5100
376
6098
6752
6335
3497
351
7065
4771
1469
2301
4755
5473
2384
2474
6730
5627
5388
6443
6151
5451
3868
2194
3318
8215
5764
4779
416
1138
7730
3179
8188
2299
859
839
1908
5868
861
4996
5683
555
6375
5738
5220
1479
6565
7668
7859
4170
7588
5028
7584
7780
4306
225
3496
6514
1380
152
1504
4023
4102
1707
5294
5611
2869
7325
2316
6985
1184
4339
5665
1685
1089
2957
6126
4247
934
5925
4892
3025
5071
4531
5579
3483
1368
6587
5295
2006
4478
6599
4793
3457
6205
7156
4671
3364
8078
5012
1418
404
2457
5628
4750
4235
2825
271
6636
7113
5097
3243
3850
4188
5580
3136
3267
3810
2240
3371
3150
2915
6441
3906
912
8234
2050
4019
3428
6469
7018
151
4920
2281
6300
2569
6364
1004
5821
4772
1965
5061
3595
2317
4931
4295
5073
1317
355
1715
3785
1686
4637
1073
7530
4815
4425
3769
5577
7822
7926
7701
6196
1670
7338
6709
4997
4252
6680
2379
5078
263
4118
2906
6311
418
2219
2780
7134
1558
5601
2228
5619
5687
5710
2162
3812
5761
3326
6526
6484
5301
272
8242
6595
3738
580
451
4912
5368
2025
4683
6319
1093
2198
1325
5693
6671
845
1549
204
415
1911
4639
2857
1314
1304
4802
6402
4774
5581
4219
770
5975
2332
3774
7342
3521
4230
1148
1348
4156
2031
7100
453
4595
5634
1025
8170
7479
954
6922
2312
4119
1543
310
1333
3624
5122
6383
3920
485
656
864
1472
3482
3100
1905
1867
1068
2074
4641
1724
5391
2328
3662
6817
1610
2567
5313
7683
4262
3619
8028
7633
6253
4539
3946
7099
5287
7789
2502
4506
7416
439
1162
3255
948
2832
6032
8204
2238
3121
2355
4790
4963
2468
5322
2907
4657
795
441
6885
4888
6377
2996
4128
5777
3473
7828
7123
256
140
4599
1141
8014
818
4632
1723
7165
3188
843
3691
5337
7095
6710
2331
3047
7643
2278
197
3168
6248
15
3947
3061
7114
4135
2041
8290
278
6579
5743
3331
871
7016
1402
6580
3681
82
5919
7335
373
4565
6742
1462
8077
6634
386
1849
7969
4049
4391
1202
7631
3342
2873
4456
115
1217
3759
2307
7742
3317
6053
2222
6531
64
173
2170
707
3476
5405
2079
3363
7572
3274
1116
5733
3001
4256
1900
1413
3208
3468
4276
6493
1741
1248
3718
4366
4437
3949
1185
1140
3123
2234
6734
6758
3467
5906
2146
7794
3570
7115
2320
2547
1653
6089
3434
34
5854
1435
2675
4431
7793
1324
1257
7049
4052
4702
5726
4527
4816
6851
4520
3954
4407
7942
5936
2899
6746
5428
2298
7206
3732
5875
3259
1471
4661
5454
6116
3935
529
2755
389
7176
4563
3065
1405
6547
598
5346
1735
4508
5767
7102
5067
2327
5695
7719
7075
504
5259
543
6766
6062
2513
5080
7303
6994
6393
3106
4784
76
119
7110
3042
1483
7119
5644
7540
4676
899
411
5503
2749
1629
5905
5576
602
4709
7190
5843
4988
7519
3999
1033
7183
897
744
4443
736
6501
166
6953
2947
7515
4113
5965
2925
231
3006
564
5191
5381
7526
2812
3734
1115
7331
240
8161
1259
774
3114
116
4296
2356
1517
7036
5250
7869
392
8317
4363
3896
5329
2142
5158
2192
1832
4929
6740
7219
5462
5421
4901
4076
5583
8087
2800
312
6502
3339
2607
7261
2954
4841
4800
6016
413
4010
8079
5613
7324
1204
3030
6102
6604
2460
7946
6850
4594
4736
718
6541
2131
2013
1647
7189
4655
6792
3323
6693
7749
6323
5138
3475
7935
7638
4053
70
4342
2711
2165
5087
7093
5239
3593
223
6589
4689
2039
5376
3750
7378
2948
6213
7844
5735
8245
2795
6538
4537
6453
7346
5586
1758
1214
3388
1101
992
181
1641
2430
6160
3158
1706
5496
5024
1238
4934
1287
4371
2371
1532
7986
5622
4913
4187
5714
1703
4101
1964
488
2610
6161
3462
760
4747
3888
5210
5444
5011
6294
1499
297
6814
7122
502
1839
5261
363
8147
6856
4322
3377
172
7535
3645
5364
3311
5202
7770
6681
2289
3922
4473
6780
2613
8013
4573
6024
7812
8151
4960
6937
1388
8187
5630
7188
3599
7194
8302
3309
3609
3324
6504
2229
5976
3345
1480
3682
7685
5787
6754
8307
930
1923
6293
560
6854
5525
7046
362
6878
4659
5049
5238
2944
4284
2741
7843
7403
4068
640
3709
446
4003
7545
7628
2544
1682
1946
7220
990
8068
3657
2878
7928
6056
2158
6646
7231
5130
888
7409
6420
327
4517
3140
2118
3573
1537
4839
881
591
7765
7223
7361
7951
8218
5408
7428
499
7567
2656
5181
3708
4561
1861
5392
2595
2154
1935
6129
2938
1536
603
5621
2008
7618
2286
7846
63
6004
6228
4430
3081
3575
6954
3307
974
6846
5234
1417
870
4523
7605
7585
3151
2249
2150
7210
3755
919
1032
6605
3640
6879
4636
5759
6250
7138
6218
533
7829
5563
2005
5193
186
2211
2510
595
3195
5160
1986
308
6997
7930
7057
5128
5311
113
5963
6479
1313
2920
6871
6596
4768
6438
6582
1465
7716
8157
1657
8036
1020
3988
7546
7147
5882
2946
5839
2882
821
3353
1915
5596
8152
3737
8299
6717
3194
5540
8145
732
4707
3262
7977
4173
7334
253
1475
981
2709
3994
1080
6590
5978
6005
7528
4507
647
6077
1581
4857
7845
6360
5152
2193
7661
757
8006
3260
3831
8239
1996
6576
7907
5255
2634
5620
2133
4089
6544
1827
5940
236
85
7874
1834
3618
2440
4157
7906
2788
2891
615
1390
1034
3939
7887
3628
360
5463
5196
1697
5550
303
2196
5827
7224
7755
4559
2706
631
6507
7908
30
6981
2813
1955
5497
7692
1717
5132
7806
8222
4878
125
7143
5267
4798
4396
4286
6888
3527
305
1772
3605
7397
3671
4012
1924
6007
1635
7620
2309
544
1346
8303
6872
7383
7177
585
3534
8167
7030
672
2687
5999
4614
3829
4237
7536
2540
3283
5506
2010
3699
7471
6434
7774
2617
7590
4014
6789
6677
7960
1088
7111
4574
1636
4684
2501
3536
5861
2930
1930
5697
8064
804
224
6483
993
5358
2378
3978
342
574
2964
3197
2488
6495
4670
1142
5184
164
2157
938
8026
1828
1775
1323
7034
5895
395
1249
3835
1618
538
2102
2936
7757
1012
1227
5333
3668
8251
4845
1609
2981
511
5338
4114
5107
1441
7608
1614
8030
3760
3216
4706
3029
7839
3808
4370
655
6051
7033
2737
5380
1158
5994
1363
6986
7182
4174
22
2805
2217
4377
4487
7895
1425
541
414
3989
4548
5575
4047
5485
5650
5135
1759
1980
5198
4625
5681
1269
2469
3658
3761
2075
6755
1912
7937
7074
3409
3440
7448
7981
550
2403
6827
1284
2838
4349
914
6287
5133
3133
4239
8200
1950
5871
3783
5578
5153
1056
3173
1294
7212
2311
6743
423
210
5565
2199
4390
6967
337
7300
4124
1654
2543
997
6990
6581
6368
6876
1262
5969
5290
3889
8063
2739
816
648
275
6461
4825
3235
5779
7281
3184
5015
1969
4067
4870
2521
4847
6656
5517
4353
2987
5282
5232
7469
1801
3840
5536
5542
6186
5933
7553
5797
7454
7655
5370
7185
4717
2507
4127
5159
2247
171
4302
577
4165
830
7734
6912
1265
3547
4324
1443
8120
410
5792
4442
1450
6431
7589
3281
2360
7694
7380
753
155
1147
7265
806
3551
1173
3890
1408
5116
1492
890
2163
300
832
2623
1624
7071
783
2003
600
941
3222
2746
3984
738
1181
3688
2975
2691
489
6299
315
6904
6139
1975
1189
188
3568
3499
2235
4649
6031
3099
7626
4925
6610
6366
6029
5317
3875
5062
1665
1467
2843
6173
5315
7723
8176
2200
5849
5618
4006
8208
2730
6198
3355
2782
2686
6476
4812
24
3809
3706
4495
5321
7021
2061
1244
2640
5889
1837
6334
5608
4566
4837
3414
7461
1407
5310
86
5319
6064
8255
4179
7081
1569
6890
5658
4110
3563
6794
2818
2352
699
8136
1604
5598
4416
7226
4097
5180
5763
6836
5974
2761
572
3125
3454
5182
3373
3714
5499
5227
7823
5379
8073
1216
4958
2826
6770
7973
7493
1977
6543
677
2477
6832
5140
847
2762
6041
2807
242
5534
3740
4071
7514
4745
4662
7911
6301
7606
3145
4778
1421
2503
6858
1296
2043
5744
38
2511
6783
3399
2486
3960
1015
8088
6435
2063
276
3653
1991
6822
1451
6900
3545
6897
8010
7468
7797
867
8113
3064
8195
5374
7671
1872
7710
5641
5640
3204
743
2243
908
5874
3357
6632
8171
7107
3736
653
7053
1816
5345
3555
3597
2541
6757
5155
2190
1377
94
3290
7501
4429
2448
2576
8304
1364
4201
5021
7699
2099
1065
1239
5047
6302
5519
7816
25
6714
6027
7872
4405
5798
7164
5794
2604
3891
6142
4833
5755
5397
5667
4691
5885
2575
2476
7815
4275
3484
7775
7163
7645
2313
4277
6359
5566
5690
142
2147
7128
6834
4613
4882
3651
590
1752
4171
167
3449
5830
658
1466
8272
2059
953
4310
7898
7575
3975
7414
856
5859
7420
1716
194
1401
2058
3306
1948
5765
1355
7532
4544
7363
7525
7155
535
3249
5486
4186
5918
1972
2767
3051
1481
1544
7024
2670
7779
4414
6679
1385
3102
1876
3955
4177
6071
7287
889
6199
3153
114
3459
575
2462
4797
4132
3916
7601
6209
2614
549
3956
3765
4688
869
4194
1431
7790
7381
7422
3644
340
7762
4935
3846
3237
2881
96
688
2375
4852
1468
7635
1711
3085
6665
6965
1329
2583
5909
2376
7516
8000
4808
3790
8029
6573
7464
6940
874
2941
4328
3165
858
4902
7495
8149
2496
1813
1720
6389
7656
7294
4551
7041
7918
5547
1031
7491
3693
4558
3214
1976
7375
2323
4919
5587
3967
2990
490
7637
6650
6711
2588
7913
3057
5593
5993
5686
6765
891
5104
7087
2132
1847
5475
5783
1616
1865
2374
2504
2854
7374
6238
2715
5728
6958
1195
8124
7786
7994
7158
2580
1646
999
6356
4556
8172
6197
3962
2330
5355
4477
5916
2868
7198
1392
7401
4894
6259
643
6182
1337
5807
5810
6176
2221
5375
5840
306
8018
7492
3590
8052
4193
6008
229
28
6286
3403
385
7141
4806
4732
6261
2885
4372
6316
4341
6224
5829
681
7995
291
2283
7451
3847
5145
7449
367
1301
1750
1580
5760
1133
7135
2828
6913
3432
6430
6127
1137
4274
7957
4290
92
5944
3792
5365
3839
1633
5731
372
5927
6266
7315
4090
2037
1679
6698
7271
4528
2549
1361
4283
3490
3627
8281
241
3936
7017
7777
1743
5541
4819
4820
1316
4240
8227
20
8263
8118
5025
5143
2179
5962
2425
5610
5353
7876
7222
2265
2785
4951
7677
6303
7101
1389
8061
5211
3241
226
6362
6464
1083
4499
5492
3366
1172
2764
916
5872
998
1855
7350
4923
3942
2089
605
4973
4258
5327
3696
7258
1531
2028
2912
7988
6451
4063
1722
3417
349
1106
7836
1644
6745
975
2697
1319
6130
7624
7527
4678
904
299
6715
6816
4387
4640
3771
2798
3266
6723
7117
6200
5908
280
357
1668
900
5091
5866
1992
103
3472
1258
4422
209
6318
6820
7896
1676
3376
2647
4192
8046
3781
1637
3016
4682
4105
6847
1591
7366
4618
1452
2310
1957
7657
2680
3700
4441
170
3251
1283
2489
1104
6733
6206
1035
5548
301
6462
3794
2772
5385
6140
639
4982
257
4116
6749
6226
6855
3460
8181
3719
8153
4694
3588
6585
996
1057
6169
7427
7489
378
2577
6304
4835
7193
6721
593
3715
4760
69
1970
2777
2802
4959
4704
925
8237
2452
1714
4373
6444
2952
786
7993
8095
3142
1274
434
4081
5278
1026
5252
4043
4862
4394
542
4803
6529
8250
2525
7076
2145
6084
2771
134
5229
4546
2434
1456
3447
5878
4545
5113
3282
3275
3592
2637
792
2016
4294
2365
5649
7308
607
606
2210
3963
4999
1678
4279
596
4849
7703
3908
2736
1328
7474
7289
6239
5215
2628
961
2698
3784
5970
6971
6478
5323
1024
7664
6346
2702
7832
8310
3716
6606
2927
5414
809
5178
3250
6867
1114
5838
1894
6663
4362
1406
1780
168
3854
2536
946
5137
5286
7376
1438
8089
5557
6737
36
6412
5734
1754
7257
5685
1883
2280
2130
3300
4078
1022
7580
850
3893
7902
4866
2068
4444
5642
6516
370
4137
4623
6422
4844
5201
2475
6607
4522
4184
141
3770
5042
2494
970
5436
1590
7772
1144
2446
6584
7108
584
6390
5035
995
1868
26
133
5924
2427
8212
6790
430
13
8007
1426
2645
3023
2076
7192
1538
6664
2683
7186
4514
1295
6645
5332
7761
1852
2304
8119
6848
8038
2620
6999
4579
3009
1126
1233
3405
7610
8223
1415
7738
3791
4139
2598
5771
4232
7406
526
2523
2612
745
8297
5109
429
7985
880
2837
3864
2315
2648
2712
3495
7785
2087
6405
1667
222
2111
6379
8041
7421
1978
3816
4887
1524
5474
6212
3707
3683
8097
4273
530
8298
2599
5352
2361
3118
5136
7002
6175
5334
1954
6074
4376
2347
1209
1797
768
7067
2081
6061
4335
7082
8261
493
6522
1371
2855
4775
752
7330
3053
837
2001
2334
8219
7398
3233
5814
7050
3647
1182
206
6907
2851
7255
8105
7452
2073
7166
6382
3680
7919
8023
5698
2935
353
3228
7877
670
2789
1575
4629
1563
212
4259
5106
1007
5898
3466
65
7717
581
323
1170
4351
5108
7558
5431
5119
5986
1276
4604
6641
6099
2237
2626
4330
5564
2796
3452
8293
5968
2962
348
7309
8159
2657
1271
1449
4893
5758
4011
1174
2562
4440
7890
6901
848
3093
1545
2582
296
3569
5947
6810
5309
2101
3675
5781
4932
1210
4677
3512
6131
5762
4106
8080
6285
5773
4621
5502
508
3970
3351
1156
1464
4490
2594
4538
6202
5822
7167
6674
3215
723
7636
128
5407
3075
150
2969
1568
3899
7803
7687
4840
5195
3958
5559
2106
536
4939
1345
7882
3703
49
3669
2187
6887
6930
761
6524
8090
3358
3419
5719
1044
1959
7175
5670
6527
4318
8233
6033
7444
7208
3068
5131
232
5981
6222
8066
1901
248
5386
3296
4109
2703
7054
7522
199
1840
6466
5120
7441
2600
2888
4679
2905
3822
1769
8270
576
1076
8107
6123
1933
5708
8236
7763
216
2027
3135
7296
3385
3421
4930
4428
969
2872
1290
5662
5103
7438
17
5125
7056
5403
5632
5399
3072
6433
4189
1199
2191
1436
6682
3205
1266
2401
1476
7740
3426
3913
2505
6568
7475
6952
2382
2241
4152
7773
4072
4455
6158
44
7523
7478
6676
2442
789
1212
3934
3594
6427
2492
7766
8025
4094
3138
6840
3776
7162
1291
5937
5083
7240
7847
112
8282
1932
5225
1463
3711
4398
5292
956
6875
1119
586
7170
619
3005
5666
3278
5123
3494
807
5254
1099
1282
1288
5241
2404
6125
4305
5457
4151
5032
5406
1411
3684
2212
3430
6292
2779
6852
5862
5244
7486
5056
6442
2518
5491
6980
3862
3842
3582
2341
3826
1500
1823
4633
3611
1721
7625
2945
3630
5699
5000
5209
4550
4204
6283
907
7314
2939
266
7706
3656
3272
6873
3938
1791
4450
5222
3516
1338
7579
5467
4245
3101
7402
1496
1302
5934
5283
4962
4781
7352
2262
2942
4263
2464
2742
5013
7368
579
1756
5952
2743
540
6111
3663
5805
817
3635
966
5257
2453
3557
3866
3227
4572
7009
5631
5200
5031
2532
7782
6211
7613
5568
2858
2270
6877
1983
5675
1594
5020
1399
4791
3596
1677
8232
838
2679
5402
476
7961
5753
4369
1577
2369
4271
1598
4943
2760
563
5900
2333
5725
7548
6870
7513
6648
4355
1799
4799
3717
8191
2848
4134
4549
6542
1761
1121
1889
2970
7389
7619
851
5086
8305
4739
1661
4214
4526
2285
2363
7721
185
177
1135
6258
445
7632
3797
3291
4098
7458
650
1939
2548
5307
3641
8071
1494
2635
1658
1005
3694
5146
3803
5390
7748
5834
5949
3411
3576
2396
2380
4389
5880
3944
7191
3685
1989
5884
7980
2649
6220
667
884
2036
4497
1298
1307
7727
5089
1788
3620
6692
4321
983
755
4860
7362
3167
6624
5427
3391
1542
4212
4388
5177
976
8060
1814
1680
5366
8135
7246
1046
1573
5298
6192
1738
6079
1279
6694
7984
7856
6552
4782
2397
6480
5501
59
3046
1790
2417
2723
1100
546
7433
2725
6722
6363
7302
5340
8115
6437
4025
5720
6445
7371
6821
2447
6491
4358
1127
6049
106
7159
6882
361
6905
7465
2849
2202
7145
3554
1995
7966
7399
2552
7886
4792
5532
4471
2085
3013
8248
4095
3549
1077
2745
143
4447
6705
6426
2835
1848
31
1117
2455
7312
5860
3461
3390
3995
53
1122
1748
3987
3882
7615
2596
3537
8238
6521
5173
1505
486
2819
3176
8211
3354
2206
8306
4045
6910
3325
6739
3745
7267
4723
6586
258
769
1683
1807
1014
7273
3556
1540
528
1863
7446
2551
4058
5002
6398
1999
762
4161
8280
5350
2436
3982
6208
939
1936
6150
7726
3915
1513
2509
3768
835
6178
2845
1845
2366
4622
7411
1473
6148
6436
1120
1362
4918
836
51
5870
195
8253
5217
2631
4013
6088
4055
1804
3313
7484
2071
6593
4238
2790
8004
6602
3690
3841
5775
518
2921
4466
3845
1968
1882
5592
5595
6812
8192
5039
6868
4352
1856
2699
3650
3105
5508
4384
1892
5098
5912
7148
4225
1489
2766
3518
5076
5312
8206
6831
7435
6271
7052
3131
627
202
517
6588
1090
2753
6601
1631
5058
7934
1145
5828
5955
2616
6658
6460
5274
6374
4148
863
2910
45
2
3902
497
7533
6944
6613
6181
1118
6331
4712
5948
4125
1123
3870
2821
7982
3523
3923
3574
4054
7987
4380
1252
68
3289
5075
5084
5703
6153
4016
1433
2734
6269
5892
6660
2651
4325
5921
1927
1858
5037
3602
7953
2497
7808
8103
6010
7291
3139
6556
7607
3953
5809
6180
3127
5478
2989
7641
949
5887
2026
1341
3529
6929
5331
3900
7939
1755
2997
6243
7379
2689
6145
3513
2566
6327
5643
6118
6793
56
6305
3872
4008
4967
2122
2115
5093
2708
3914
5166
2778
5928
3903
3471
3603
5477
4886
1219
5162
443
5987
8098
2350
1765
3346
6237
5796
3933
3271
1113
5433
448
3580
3786
6376
2023
7679
5493
6534
5964
5700
3526
8033
43
1111
2215
1672
217
1001
3284
3977
3298
7391
1308
6773
4891
1512
6369
4267
1139
100
1165
3633
4976
6249
4251
1347
1579
5165
790
7921
8278
7704
7508
8100
6488
5893
2109
7819
638
6919
7390
2993
1595
3712
8154
4966
3752
6486
7833
523
5302
5026
227
935
6274
3295
7200
6989
5556
7576
6309
5661
8220
2064
178
3586
6468
2490
5967
599
6048
5371
828
7697
3319
3464
7702
3209
1627
7817
1607
4265
2343
6407
6857
4536
5691
4246
4773
8296
4343
5036
637
4033
6096
2129
5053
8300
247
6489
1447
4600
8099
5776
1854
1424
6115
5790
3095
2161
2740
6167
6560
636
759
633
2735
6960
4392
7481
3972
4889
7061
5277
1190
8177
6459
3667
7891
5372
5367
1656
1097
2173
7318
482
5441
2979
5068
7060
6423
2744
8104
4744
7750
4626
7838
1273
2724
1550
3277
29
2038
7339
6618
401
5009
1251
475
5316
7682
1511
6615
3435
582
4612
7090
6322
4155
6086
3045
4199
3964
5285
3164
6324
8160
118
3398
2748
4244
1776
4133
7983
5903
2676
4413
5984
4381
3451
6975
176
7299
6530
1201
4041
3094
2707
927
5694
8070
5
7073
865
7826
7213
1430
5464
4911
5881
2368
552
689
1253
3221
3143
5383
558
4415
7434
1943
1541
4400
1311
4493
4864
7562
1608
3861
4317
2296
8075
3855
4218
4268
6811
562
1310
5344
5359
7923
4087
3968
5788
5664
294
1998
3976
5363
1187
4884
957
7945
5702
1713
645
3876
2668
4741
2416
1404
260
7830
4846
2342
8150
6171
5677
5913
1062
2273
1312
4206
3664
2266
1960
4417
3481
4752
2524
1833
3111
4647
4399
1198
1938
553
679
3297
712
4863
3110
6844
968
3730
621
6510
7865
8284
1354
7512
7013
3857
5150
1878
1081
4673
3469
7529
1439
4665
5802
4716
2069
5411
460
2924
6956
7676
3928
464
3617
1334
4144
7841
2951
6849
6221
3381
834
132
8012
3192
5750
3676
7253
6719
8288
1066
4942
269
2002
3163
3037
6418
7735
3971
4945
833
3559
728
2716
7731
778
3392
4727
5626
3276
5941
7524
335
2534
3349
911
8287
7503
5167
7394
1601
7237
1642
6025
7949
7595
3941
5907
4628
7642
3833
5865
5754
5567
4439
352
1213
4327
5645
5996
1841
7028
5085
95
6075
1342
6554
4643
1947
5671
5447
6424
6463
6689
1864
701
4316
8109
6234
5055
2062
5998
7878
4085
270
7932
1794
7038
2148
3692
2914
811
126
5715
463
7070
6614
4611
2088
2450
5033
8008
3907
3799
1092
4570
6996
3713
3347
3314
3217
1567
6321
3035
503
6720
2950
3721
1859
102
435
5409
6683
4761
1843
6449
6245
5533
4304
7861
2841
5500
1620
3394
4131
1369
1365
5943
7022
1919
5537
4748
6549
2336
5005
1383
950
4421
5863
6018
1990
5256
5387
356
6654
6240
2529
5585
5249
7263
3579
4121
5655
1359
8209
4608
714
7663
3122
777
4138
4348
1895
8138
3929
2295
7825
2293
7737
4858
8146
3742
1906
1681
492
6410
6800
7139
2893
4603
4809
3779
3666
1335
7873
1753
4805
5471
7978
7369
8141
6540
6998
7349
1588
6143
8053
4419
4944
2362
1250
4112
4083
4557
840
7903
6357
7043
1444
634
3027
377
8173
455
6380
5396
220
936
7039
2319
2729
887
8240
7215
8221
2138
7225
3303
2955
2164
7124
4100
5432
1052
6558
4482
1188
1166
1850
2351
5228
7554
5291
661
5111
6023
2839
1297
6219
5139
4842
4984
1267
2021
982
2814
614
7020
101
5019
6432
3424
1879
3429
6355
4564
1546
2797
1098
1059
154
3698
7455
3226
3223
4017
1280
1191
2926
417
8316
2963
3229
3374
4002
787
6964
191
4291
3254
1330
1873
955
5127
7629
3687
4927
4066
4420
1884
8273
5896
5347
4631
1561
2618
4667
2096
4502
6231
7974
2410
6880
4403
7892
4746
8134
3384
6313
1207
3729
2213
7972
1940
5484
8121
3985
4213
7521
7317
2022
803
7160
4867
7662
6630
4989
5729
3220
137
3607
8246
4236
322
4231
5258
5682
1042
3076
3522
230
3171
4554
3383
3880
2896
1507
849
7864
6866
1808
7557
3443
2660
3871
107
2052
5054
5722
5723
6156
1091
5826
268
3422
8202
2144
426
7058
18
5748
857
2894
5101
4896
6713
5320
249
7885
622
175
7268
2923
7708
6043
1264
1205
7627
573
8207
5410
556
8011
1398
7976
2178
6934
7573
5030
1518
6920
5044
3584
5778
5852
6631
6345
4360
1516
2717
6513
4568
2966
244
6619
4965
5498
8116
7238
3764
2032
2606
6289
5786
5678
746
5468
7
4260
3089
6135
901
4297
8122
1888
3315
2514
7718
302
3012
2535
1966
7582
5692
1019
3425
5791
3191
4753
7096
2662
1660
988
3407
3701
735
2423
910
8156
6404
589
6070
1871
7332
1687
5897
3796
3200
7005
3162
4092
2560
569
7327
1393
5888
5148
431
4460
4664
6397
5342
2284
6830
5343
7787
4311
267
1675
6336
2303
4035
251
6341
2018
6054
4898
2757
5939
7831
7077
4061
1396
7667
5982
3334
6164
4383
3747
4220
4331
4423
190
403
5369
2406
436
711
4408
5973
7179
3895
7161
3853
2726
4154
5356
3128
4264
3396
7064
6358
2326
4409
687
6690
6506
3299
3182
1488
6968
1768
6338
6217
6165
1132
7340
331
4129
2204
3380
1305
6763
4714
7118
3851
7644
6562
6869
7943
4728
4032
2809
612
7217
7568
2498
920
122
6295
5590
4486
1268
5795
8259
2751
2035
75
7542
4650
5231
3400
6883
4780
4018
5879
16
2916
4356
2143
3722
4282
918
7991
4215
6306
3031
5953
660
657
1157
5354
6644
447
788
1350
6044
561
3310
1260
4015
7418
4645
678
1659
1351
2909
130
6802
7647
6894
800
1243
2045
2344
2225
4099
1206
5684
1612
285
764
4981
5676
844
4877
4606
6915
4586
8260
6246
3957
6947
221
474
2642
2627
1929
2067
4028
986
754
1844
7929
3623
479
5482
6046
676
1728
2432
3225
2134
2044
624
5657
5582
6583
666
5747
3702
2353
6853
1520
1793
6784
2391
2758
208
309
4163
1215
5448
4885
991
8315
8312
5395
7811
1416
8264
2151
7392
2306
1061
2968
628
4788
6326
1860
7646
336
3540
3910
4149
3767
4824
697
2773
1994
6030
4535
984
4590
428
885
91
4826
259
7133
6337
6926
3350
3108
5789
2526
1321
2123
7959
4424
2974
5266
7298
1623
2205
1666
1552
3932
6471
4883
4050
3137
1526
6517
6227
4928
4496
3753
4743
3157
6843
5079
3003
5858
2364
3423
620
365
1926
7396
2584
4663
3535
4785
1485
6047
6791
6120
2619
609
6963
4476
696
742
3733
2354
8254
2419
4874
7798
896
4467
4876
4485
7171
1634
1825
3437
131
3147
408
7868
5992
391
4234
1293
1150
2231
3335
1084
2388
5571
3608
4547
3678
685
7769
7014
4610
7549
703
304
292
7712
692
6923
2731
6315
8166
5680
3117
5831
5674
898
1510
4908
8199
4868
7286
892
4555
4668
1428
1869
6490
1071
462
5082
2688
721
4831
407
767
7813
4126
160
7079
193
7280
1286
5134
4983
7239
973
5452
5774
7862
2030
2015
8093
4448
2135
4658
7169
6520
3129
3115
2402
3919
8044
7480
2065
7393
4972
6809
7488
325
4903
922
5218
83
3287
4729
4158
8081
8083
3199
6535
2561
1554
3485
6128
5246
5960
7251
3892
7184
1611
3587
5063
5850
2220
5263
4488
1693
2750
2546
3368
4822
6893
2811
1028
2661
749
2633
3036
3456
3389
2325
2663
7044
1064
2695
6781
2765
4921
4553
8225
6685
245
1696
5253
1459
4519
4875
7956
4026
3247
4504
5535
8243
5528
1690
7459
139
6551
6446
7154
2658
5326
6992
7502
5458
6019
4228
5815
3011
4533
7126
5077
3010
3652
2887
1349
3679
3207
3634
6499
7395
7462
1781
498
4454
7004
4319
3146
1102
1129
5205
2590
7596
3382
1502
6163
6950
3172
8279
7357
2769
5124
3049
4869
4289
2292
3500
4022
1320
7733
8051
4654
1175
3921
5985
5673
6638
3404
893
4037
926
111
3879
144
4088
2799
4938
4427
2250
8231
4418
2902
2180
3695
5270
691
727
6635
1736
815
4142
468
8283
4619
8101
2126
7840
3814
7639
203
5212
7457
551
6429
5539
4176
6235
724
1203
4737
5942
1937
7337
6652
138
5857
5607
5007
5741
1890
7938
3697
7801
5785
1448
537
2042
3744
487
6350
283
6661
1486
7660
6993
2557
7850
5549
6575
6813
5456
6132
7293
3577
3631
2862
7583
1234
8069
4147
3766
5602
4086
3878
6066
293
6230
2482
1533
8003
7201
1339
700
4307
7559
46
1862
5494
6039
2169
625
6718
4900
5638
7187
7278
6804
1458
7835
3198
3050
3905
2438
8021
4890
1643
4766
4074
2233
6895
7151
4567
8182
2174
4749
6775
5511
2847
3248
394
5846
886
570
4354
5413
3727
1366
6467
2804
3723
4300
3082
7574
4596
5144
665
3413
7941
1958
5637
2167
3054
3959
1529
338
5325
3629
4175
5614
1395
7768
4314
8190
4208
4141
1128
2242
324
1811
7025
2463
6328
2471
121
6598
1605
2279
8106
277
7747
5460
7202
5718
7500
709
6546
4020
1183
514
1773
332
3286
5704
6498
317
4813
6772
3402
3079
5570
1664
5221
5183
7851
7725
3328
7752
7736
6881
5769
3508
5105
1381
1740
507
5318
913
1027
895
3219
1051
3990
2338
4713
1625
931
6702
1593
4521
3793
4609
3539
409
5782
1712
5014
7348
1881
3859
1400
2827
347
7439
7814
4700
4347
1272
1571
1470
7425
1112
6609
2413
4075
780
4223
725
1151
794
5573
1242
7854
4588
6687
2933
2719
3067
8285
2597
8174
7359
5609
1565
7948
3894
3190
1177
146
6943
5357
3302
6637
2542
1984
5612
3795
2441
8162
7690
405
7893
7695
6642
8072
3000
1136
6633
21
6280
6808
664
4848
3800
2880
2107
3825
136
6818
4940
2381
814
6494
7912
5931
7795
8257
567
5739
6966
2874
2522
2638
449
5740
2844
5242
1168
4957
7221
2048
6653
60
716
6026
5623
6419
2756
2481
2470
7321
8224
4762
1818
4777
7450
4007
7901
1200
6536
2456
4674
985
3455
5401
3087
4266
8
713
8123
7270
425
1835
6147
5424
980
2012
740
5095
4483
5663
2276
7743
2055
6282
8058
1786
7386
396
1229
4397
6625
4946
261
5426
1231
6736
3514
7408
4298
6600
412
6845
7091
8301
5639
6416
6001
4498
3865
3028
2516
2587
432
2861
2632
3819
3441
5616
4795
4040
2608
4150
3018
7971
4630
6141
1387
2297
5521
200
2653
4038
5803
3369
452
1806
635
8143
5877
1534
3177
4703
4880
3019
6267
2040
3343
2386
5373
2392
4828
5141
6276
5455
3918
2019
6566
4167
2136
1332
7857
1751
2348
3088
2034
2324
5891
3874
905
8076
4077
6339
6381
4652
48
6095
7622
2429
234
6011
8043
2808
6735
5652
7744
4699
1671
7453
3218
344
2550
5530
7290
2103
3202
1564
2373
6559
7965
1615
494
5094
601
7709
5848
3332
1789
4093
2846
5066
2879
1851
1778
1153
7440
1875
5804
8241
7404
1454
3538
5293
2473
1725
6006
2253
4436
282
5716
2070
3780
686
909
1222
7304
7068
1067
4183
7504
8002
2340
7853
6191
7116
3560
6281
3160
7781
3130
4162
3080
4379
3446
6564
2682
3442
1730
6835
6042
4470
965
4404
6628
478
5689
6594
604
4977
7256
4364
2418
3327
4589
6695
6657
6651
5175
5842
3448
2965
3433
8127
1688
649
694
2934
680
4323
2953
7104
3998
7365
947
5430
5481
5867
5305
3552
3103
2485
4635
5438
964
1592
2017
5400
8082
6317
6189
6801
7581
4512
7103
7431
4660
4185
329
7678
4465
2251
5915
1378
4458
6481
6959
6659
458
3412
7658
5045
2644
1376
7266
5926
6925
6627
1621
3604
4861
8313
6273
6731
5245
6104
1651
6314
5490
3450
6050
565
1760
4742
5515
7373
751
5707
4069
2139
2629
5538
1453
4656
3427
1384
6421
6617
597
2898
1993
1798
1673
2244
3805
1261
6931
5216
4821
3751
3344
3156
2889
5052
3507
2803
2922
2585
4207
6100
5377
6760
963
831
6081
2901
6262
6343
1985
7069
4057
147
2256
3258
618
2754
4293
7760
4948
8289
4807
5584
5552
255
343
1963
1796
3834
8214
4222
3561
2066
2622
1011
3735
3329
1551
5597
6367
1235
3038
4079
3211
4382
5179
4560
3638
5816
5724
1701
3503
438
4197
4941
7473
7783
2090
2308
842
6204
3155
3458
7172
174
1237
1331
6819
7648
7144
7537
5929
4096
5422
8125
1047
4453
3478
7354
785
1987
3022
2515
8256
7274
513
4789
6275
5419
5115
6903
775
6805
1161
8294
3873
5247
1318
7142
6608
1008
903
8269
2274
1584
5544
7066
5417
6187
6119
2625
1245
6539
6691
5509
6411
4357
6839
2852
4871
823
4464
6260
7029
3322
4644
6764
6482
8213
1525
7424
7940
2405
5308
4320
3181
4974
7367
4122
5845
4178
977
1373
3465
3965
734
7564
698
2646
6121
5051
320
6785
7955
6340
89
3860
2339
5023
5469
1925
3883
2461
805
6207
2445
3359
3180
4783
4949
4255
4719
7517
341
3463
2506
5746
5466
3856
6057
183
951
883
4578
8277
3884
932
3148
8197
2407
4987
459
3501
7711
2346
3265
2098
7802
4153
2984
1902
7426
2120
7232
5207
3246
747
2282
6384
1054
4164
467
7933
228
6796
3817
4787
1171
496
4899
522
1045
1160
6948
2484
6225
8133
444
7485
7871
5081
4365
7243
4602
616
4209
4221
6272
1784
6916
766
1240
4576
3720
6979
1822
157
2314
1817
8186
2153
7603
4505
2128
1445
6561
4616
3621
1931
2046
7771
2177
3491
4024
7000
281
6014
274
6842
2937
246
2214
4378
5003
6403
1853
1292
5956
1815
5972
2720
6891
7207
750
6829
641
6533
7821
6892
1739
4817
2095
5659
2641
879
8203
8045
3811
7634
1285
2555
5706
2227
3104
77
7080
7570
1771
2794
6988
7880
6092
3152
2466
8148
2209
7305
3240
6372
6621
6738
3330
8034
5149
7364
1870
473
54
6072
1578
1704
588
2959
5483
7804
7146
4494
6928
2574
1358
651
1105
4315
169
7326
1795
7791
1934
4205
4954
3074
3775
3161
3541
5853
4853
4117
7967
4005
7358
4368
7120
470
5784
2877
4985
8037
1422
8016
7466
4651
7008
3415
8129
3566
1353
6611
5959
99
2978
79
8205
2437
4202
673
4452
6978
4685
6288
483
7739
748
1967
2155
3395
671
2014
3578
2175
8189
3116
3078
2860
3055
2859
5240
690
7700
4759
8126
33
6278
5114
4329
374
2207
1669
3543
384
1782
5208
7534
3420
6097
812
8249
7673
7544
5420
1423
3565
3665
7506
906
8228
8131
6040
7698
7236
3801
8235
1167
2992
2060
3815
3444
629
1403
521
6399
7031
6361
8065
3077
1597
7674
4168
2537
3531
994
4120
3673
6670
3203
610
791
6865
7019
4046
5841
78
7979
5966
5057
1559
2538
7954
8201
4285
2080
4909
5594
2578
646
6995
2960
6124
3305
4468
4278
2791
4469
7214
6216
7696
7754
1521
6727
2124
1898
6787
1557
8001
781
90
4992
2533
4525
2092
5977
4569
1085
1107
2236
7591
1303
7121
1180
8168
7336
6591
7062
7442
5668
313
3572
2195
4711
3746
7784
466
1030
693
7997
6385
5800
5864
3615
512
7241
5752
2833
2932
2007
6284
4401
1945
868
7319
7026
3
6578
8067
3193
3898
5633
2674
1086
1495
7007
440
557
5855
2977
2940
233
6666
2701
3242
3991
6667
1484
7105
388
1920
2257
3316
1110
1309
161
4333
1530
7713
6297
1913
5770
4969
722
4804
3585
4
8268
2690
4695
4229
4518
5243
4591
2558
2185
81
6373
6497
952
6669
6532
6767
4718
5440
2166
3338
6195
7666
4034
6177
7272
7975
6512
2781
1662
427
8164
8111
5812
3056
2493
2591
7059
2390
2919
7387
5470
7964
1075
4211
364
6067
2057
5766
3273
2559
987
239
2400
6076
6673
7244
5096
7345
7051
7858
2884
3820
8102
2728
6138
6332
7306
8210
2853
6708
4961
2589
4299
295
5647
7614
1029
3863
3416
4340
4123
273
4906
7741
3739
613
2810
6603
559
6806
6183
765
4642
6013
6425
1343
737
4411
2784
2294
7950
4359
663
5046
4705
5712
383
2636
1
1570
6675
2763
254
7900
7040
2865
7456
7235
6157
7196
6528
1836
6370
1179
2329
1515
5041
6778
6450
424
5472
958
4955
3408
808
4575
4529
5856
6179
5126
566
7476
6264
4838
5935
1131
2704
7355
6799
7922
8047
4872
7653
6400
379
6841
3489
4708
1021
6678
58
5300
1176
184
6655
854
5835
2650
1663
1009
7551
1060
3480
2829
120
2517
7216
4916
2621
519
1574
3804
6214
