5461
5871
6512
106
2754
481
2125
478
5775
504
2869
3682
4327
5623
2658
4590
5101
2424
5177
3011
448
1494
8157
3555
5756
7715
2051
5353
273
4361
7821
838
5383
3892
2501
5117
6381
1454
4672
4925
462
7435
441
8237
303
7860
1331
8248
6479
6407
1324
7816
8256
7187
1857
582
8079
4362
1864
2463
7908
4440
5268
6083
2132
319
2612
5561
2162
3014
2510
407
2318
5530
891
362
6924
2826
2649
1151
7917
3858
5125
3077
1007
1550
6068
5282
3061
4958
6673
3446
2093
1599
5585
3196
6731
7679
5640
2043
4828
5760
7598
3515
7042
4290
7394
1814
7657
957
484
7654
5986
7274
5301
1921
53
5413
4881
4357
3910
857
2684
234
1213
490
3131
5780
5034
3
749
5321
7793
7216
2378
8092
2873
3902
5690
5466
1297
6371
8041
8111
5119
1938
2022
5231
4269
4817
699
7926
7377
8208
698
199
4144
3707
1198
3831
55
1247
4567
8203
8097
2562
5734
5439
5424
7631
6651
4016
684
3622
2987
4962
3004
6030
1842
4338
2929
4392
7568
1381
3909
5468
2650
7485
2964
3985
745
6910
6402
2407
7668
5047
6605
3791
5315
512
166
5998
7115
3605
6193
1184
1065
6521
2627
129
5563
879
342
6883
4985
2736
5186
4693
3271
4867
2166
7055
3507
4691
4984
1688
2541
5331
6587
4049
6488
6835
5794
4136
7889
6535
1586
5185
719
5890
6536
1564
8051
2276
7832
5033
5668
2244
6005
383
5656
7625
6258
283
566
5481
1988
6225
8228
6323
6251
4106
4017
2478
1043
215
3852
7031
6686
3895
4389
3724
4673
7522
2755
2157
3350
1750
5510
250
3889
7112
1937
6197
1880
108
6370
3015
2521
4058
6743
2086
2391
7049
4366
2376
4008
1260
146
1536
2561
2270
5343
4778
2934
1115
436
6509
7176
1783
3221
5766
603
658
6896
7822
615
7196
3956
7118
3866
3473
6102
5435
124
3493
4215
7413
5619
8080
7645
88
2796
7627
2759
1304
8204
6271
4278
4546
1040
5012
394
493
3681
6494
2227
7293
1104
3953
1829
4488
5885
8249
5064
2596
3434
6821
6713
293
6267
4309
6236
6257
6973
1316
2146
2042
4694
6570
7847
6757
1534
1158
5367
4950
1561
7827
3553
1128
5035
8259
3327
6044
5206
1419
6004
1943
3195
61
5477
4280
5862
629
1435
1131
6541
5361
3161
760
695
2690
5680
4187
6869
1253
646
4245
4961
6404
4524
6107
3423
4861
6744
6514
7953
7896
3130
7572
3534
1708
5814
1033
3862
4359
6546
6936
6853
1539
8011
6700
7064
5148
2412
3946
3641
74
6596
4150
7142
2581
6413
6060
2499
4563
5901
3233
1210
2128
5681
5667
6314
7879
7047
1584
6320
3017
2332
2677
1074
1848
703
5887
361
4483
4025
542
2094
1841
752
2594
491
4090
1321
2248
2219
6173
3599
1802
7727
8261
205
3874
4154
1039
2916
7346
2903
6955
3522
4875
4678
6664
1658
3775
4253
3538
7489
2161
4227
7
6946
3503
3508
5868
1769
1455
7951
5053
7331
897
7433
5545
2698
4977
6033
1833
1553
4687
1948
721
7530
7082
1249
340
5867
6641
5925
2030
3572
3232
2099
1471
1487
4686
2670
18
447
3296
6216
3871
1290
7547
2113
7507
4216
623
3987
6759
3547
1230
8064
4834
5388
4799
1794
2201
7451
3753
6245
5999
1049
6856
2092
4700
1790
5831
3385
1546
2546
4504
5155
3881
7027
5440
5704
6665
7807
5472
2210
5620
5789
6317
6411
4328
8307
927
6914
1897
3758
5805
7738
4179
4838
3525
3487
4168
641
5961
1928
6131
1373
469
3728
8216
663
2237
5742
5498
7407
7443
3184
697
7652
5591
6659
1097
3450
5771
6564
6868
6181
4764
2110
1063
3122
4942
8136
5352
6895
5926
6519
945
7345
7691
5278
148
4323
595
4159
6828
3145
7569
6544
1911
279
2525
1986
4684
1961
4128
7060
934
6280
3041
5512
1209
6471
1568
7137
4249
8202
6135
6548
1444
7415
991
6164
2776
7673
3757
6649
7007
3790
2334
8273
8129
7002
555
4823
6877
4724
6644
7981
515
3577
5674
1983
2967
7531
4802
6601
243
6636
6099
1311
797
790
4184
2377
7524
6109
2089
511
6871
4489
7849
38
7910
2891
5866
4670
3170
7307
1257
7831
5595
102
2749
2927
5495
5470
3660
16
6161
6375
3410
3921
5054
130
7397
6007
7952
2261
497
2058
6772
3859
4866
6774
2911
6344
3087
3387
5852
6151
6751
156
8150
580
8004
39
4172
4654
7026
7562
3018
1569
1885
864
6982
7417
7878
2506
7566
4387
4535
1728
3389
3053
2715
6409
3236
2708
2422
4702
4997
3362
3595
4511
2361
4000
7450
2814
3495
2529
7753
1069
208
1686
6818
4933
2780
968
2071
2638
5338
6345
8013
5149
5592
5990
2017
4354
4964
6070
2372
6183
3498
3891
2920
1685
7024
2531
4445
5635
1670
5120
3959
1846
2685
4178
7643
1205
2308
3869
1684
1276
5408
7538
732
5248
1216
3009
1695
492
3736
7985
4782
4452
3631
4854
7201
4692
2583
4808
2844
2883
1404
3096
1271
2285
7709
1203
4906
7763
5318
4667
8316
7193
5550
4618
3875
2090
1157
574
3488
2921
5252
5769
7429
6621
2448
225
2149
5162
3615
899
4408
1641
4644
1337
4814
7186
5847
2024
1359
1312
2140
4412
6715
6707
4239
1734
2614
3824
4241
862
3144
7254
4763
6552
1023
5665
4635
2490
2828
2629
5735
795
7276
5176
6952
4477
7160
4055
6288
1189
8010
3157
3629
1543
3712
3509
6520
5241
3616
307
5372
4396
4497
2941
7853
6439
2697
5375
6022
2098
3856
7974
5677
7866
2247
2417
2616
5283
1631
3237
1127
196
5306
301
7618
6290
713
3178
789
7809
966
7271
5528
4913
5230
5005
6886
7089
3802
7166
3672
776
2006
7529
395
6948
7463
6464
221
1478
5786
5809
665
138
986
4904
5793
2771
6958
6133
4003
936
4827
4481
6254
86
2772
5487
5506
3390
6241
2268
169
648
41
5378
7774
1183
7010
1469
7422
6019
6577
7719
410
1464
4885
4761
2761
1909
3105
645
3965
6165
6112
4086
5626
6196
3403
6365
6168
5434
1579
912
3343
2046
6511
7968
2326
7870
4915
2013
4643
8054
1246
2980
558
6684
2306
1243
921
4493
1615
3413
3127
1385
1809
7584
4312
7835
3516
5893
4579
7756
1286
23
3506
1649
1395
278
2033
2752
4586
7107
7933
5995
818
8053
5363
681
1052
6760
7342
5581
2846
7826
2689
1315
6866
6059
1872
5753
7402
2360
5441
4110
3693
430
7111
7391
4503
3967
4482
2802
1071
7061
3339
5195
3833
2760
2993
2834
1556
1349
5448
5305
2560
1152
1275
5898
7737
8313
5178
2628
3551
3756
1729
5669
3269
7379
8101
5021
5647
5873
7934
2264
4380
8252
6467
42
7349
809
387
4743
5404
7401
2083
4491
8014
3579
1098
4214
3925
127
3819
1812
1225
2815
6718
3304
7050
2872
2551
6836
4284
7119
693
5307
1838
4632
2605
1994
2833
6145
353
1673
5423
4461
3519
1075
2336
6124
3270
816
4199
7092
2945
3696
6663
5536
4499
6332
4565
7103
6739
3255
2528
5030
6190
2208
7978
1327
3995
3913
6237
4400
5249
8121
5006
6889
5340
568
3651
1001
7008
2067
910
4171
4580
6549
3248
5226
3458
3411
1863
4509
7286
839
1077
2739
867
1005
8062
4043
5658
4391
5788
1926
5730
6734
1498
2763
2909
610
7931
7543
8176
1070
2419
8311
6350
1917
1652
6259
416
2461
5713
5261
5224
192
6484
6159
4879
7649
4559
8198
4335
1828
5072
7680
4588
3718
7845
309
6062
576
6719
4501
326
4949
5150
3000
1922
7016
858
1628
2349
6118
5541
4464
6419
1377
7249
2281
3950
2420
7227
4582
5649
6186
1365
6928
4160
6376
1629
1725
1062
6992
3971
3459
2656
1227
5182
2963
4026
2543
3523
653
499
6374
7184
3604
2942
2644
7078
461
1825
3951
6961
4371
570
2370
3992
0
7635
4039
1969
1076
1436
2634
3760
1903
635
5412
8285
6210
43
6065
5994
4967
4219
345
2494
4444
6652
6047
5489
328
6865
2767
8024
286
2443
3704
7472
6622
7855
5744
2392
7048
6786
3565
406
594
6845
7973
3922
3713
5467
2972
3539
6185
5216
780
3822
3638
1710
1125
3147
6021
7267
3972
7043
1358
8130
3628
3432
6202
8232
3780
4788
4353
5846
6073
7858
275
3671
7153
3905
2010
2886
4547
2585
5311
5122
7711
2441
5023
5848
7317
1460
673
6589
4781
5700
5098
5395
1952
3710
6683
3118
2216
452
6368
6310
3934
1580
3900
216
5114
1805
1770
1199
3133
6923
2758
3653
3769
8226
6433
90
8297
6710
374
488
4869
6198
3203
1211
6010
914
7694
3828
7944
4251
7597
1493
694
2731
6942
6031
1702
1068
1843
1299
3630
6037
6142
1811
1220
6749
2900
7306
1683
6788
276
4456
5529
4417
6360
983
313
454
7281
99
5368
3602
2474
81
7688
2077
769
1643
262
6969
5207
7646
998
1788
1784
3393
1854
6266
6385
6406
5469
6859
4604
7351
2313
2430
7491
722
4571
4901
4642
7419
7570
6269
7764
7907
1874
928
1705
352
2259
4317
1501
4038
5689
6308
5972
3055
731
8039
6459
7928
2290
7865
6096
6698
7028
3801
1061
3904
6275
3083
5131
6978
2446
4929
1418
6137
3311
3449
3751
7582
4703
5837
2533
3943
2860
6077
6763
1089
8055
7051
7101
6100
2052
6745
5764
6783
3648
2190
6822
6753
8138
7376
6812
7676
5008
7319
6696
7171
2657
6951
5624
4998
2496
311
5401
2398
5863
6460
4857
6761
7670
5622
7217
1602
4844
7702
3533
2514
6277
6579
5947
5329
6595
7749
217
6232
4620
8314
8068
1041
6583
2386
1871
3033
6466
748
659
5485
2668
3292
5654
7084
3038
1476
2102
801
3103
3360
2512
546
3109
3482
8015
7177
680
5870
397
6986
1452
1044
537
8195
1801
2325
893
5344
5670
5558
3501
2148
4695
6233
3354
2915
3518
4135
811
7469
7528
1366
4815
7771
3080
6841
3683
8200
1818
965
2249
2619
946
685
1270
561
5051
2142
3747
6276
1949
7140
3474
6456
1528
1113
6444
4952
2899
2427
7585
3777
984
3045
2673
6608
1143
1711
828
6878
5232
6340
5826
6446
8182
3267
1512
3384
7318
1177
3172
3440
4170
4682
2842
2905
5609
1762
4928
7747
2597
425
4864
1120
1141
1317
2297
8295
3954
1547
4506
2985
2534
4222
651
993
4638
6755
1266
4870
2195
5358
4898
1850
7515
3129
4294
4378
2251
1343
2462
6945
8050
4075
880
618
564
3379
5109
7591
5829
1860
3345
5106
3931
8025
4840
2517
19
7114
4320
6229
1723
1718
4299
2727
87
2246
2756
365
1195
6418
426
3570
2116
4884
5918
6058
1899
2167
1984
363
1320
4015
4517
5370
5212
4167
8280
128
346
4390
4052
6525
7079
147
5767
1668
2718
6574
2286
1555
662
4807
3142
913
7518
1654
2179
5204
1696
551
71
4383
117
4277
8106
833
3175
3732
2572
7474
715
6656
2896
607
2701
6424
5630
754
3035
5044
1021
2311
2503
6819
6915
7246
254
6050
157
3941
4192
1795
4624
1162
2550
4248
7083
149
6754
2450
2185
1526
2397
4902
3502
6950
1333
1497
1234
6930
2918
5040
32
6594
5724
1474
5191
7706
4631
2829
3376
5298
7282
114
2056
6740
5104
4680
4088
5523
242
930
7434
4515
6431
8102
637
1664
5272
3341
525
1486
3179
5956
2275
1342
7478
7480
5369
2039
4841
6270
4647
2150
2878
3294
4263
6256
3979
2203
1972
137
5729
1713
2470
5716
5637
4042
1107
1145
7587
5614
105
419
5478
2522
5818
7794
851
2015
306
6167
85
4475
2970
7790
2589
2221
1719
1810
1779
8159
1522
3897
1204
7852
187
6080
520
1239
6833
7887
2606
4650
1245
1824
5508
1566
6090
2722
2272
2637
6434
5982
3358
470
7127
3731
7085
6403
1296
845
1627
3364
3688
4407
4315
8164
4851
5740
3754
5067
4955
2060
4849
295
1450
6388
6208
1656
3347
3428
8235
3942
7800
1703
259
2655
4426
8265
2707
3019
5673
6008
5839
2382
8243
2907
6792
2497
7423
7693
7900
8212
2862
6289
7501
5632
742
7095
950
4134
5079
2488
1407
5643
6463
5442
2456
8185
172
4305
6395
3827
1782
6410
3610
1387
1019
2404
2564
5942
7755
8298
1853
2743
5257
1587
2164
3826
5900
3637
4495
6441
5876
6149
5966
8283
6292
4623
6852
4077
5437
7883
1347
2108
4124
6327
7167
3528
4065
1431
7373
2631
3256
5741
3213
1665
2368
3636
1386
7808
1254
1081
2520
5985
7770
3593
8134
6319
333
1442
3381
2672
3721
2437
8144
8149
7019
6705
6372
4645
3773
2890
5087
6533
2996
176
5475
3452
3068
1179
824
6114
3989
2283
7593
6614
3117
5153
972
7135
451
3259
1149
5190
5157
1403
5476
4114
689
4809
1827
3868
5564
7475
233
2235
5042
2393
4072
332
6140
1268
2888
7067
5292
7841
8201
5584
5949
4698
274
5223
7122
1544
4609
4621
3104
473
1672
1837
5041
6249
297
609
3003
1413
4527
2084
3417
270
6769
5443
6110
7456
4561
4343
6382
2635
1122
6993
5973
2480
4813
3062
7409
2229
2158
4664
1314
1289
5452
7040
6555
3489
3026
3812
5046
6051
3257
3102
3792
6322
739
1092
6401
6458
4405
4555
5320
4512
6956
8042
3840
4443
7143
2242
5309
2938
1237
1764
6018
368
5882
3317
7636
6397
3485
7269
1637
5625
4856
4880
1946
1082
4899
480
4894
4780
2625
4592
3046
7534
4526
6987
5181
3334
6028
7203
91
4753
6816
2818
1058
4494
7684
1277
6970
1191
812
2120
4471
5167
4104
4919
285
3100
4914
6194
5589
7783
4727
6582
8099
5302
6042
4218
3978
4048
2037
1411
5688
4718
3836
2174
7554
7386
3180
5092
25
1570
6921
4507
14
2341
791
3646
5247
1527
740
1680
475
4947
4313
1323
396
8137
3140
3031
3988
6226
7372
7144
3200
4188
3463
4633
792
4148
6177
33
817
5138
443
3729
5273
3662
3706
4161
7332
269
2115
73
5086
3261
7776
1562
1378
876
3807
5317
509
3571
5911
1300
4583
3226
8214
5953
222
1521
4034
6123
7666
7382
2020
616
5471
5915
1295
3708
1639
3919
6195
2064
2396
5951
1745
2003
7834
6450
1730
457
3644
3537
7937
360
6094
8076
8293
7106
123
4156
6238
296
2678
2357
8196
7173
5039
5433
4291
4094
4944
5187
5479
5977
1313
7854
2303
4608
1308
329
4169
3137
1119
7436
7589
6015
7741
2
2881
836
2732
6539
6573
6421
6502
5235
3365
4658
142
1201
2047
5823
1278
787
6180
5505
2557
1995
4131
2127
5580
28
2347
1393
4147
7911
5427
4466
7138
4233
3621
5645
5955
642
1139
7864
1856
5932
1636
5105
422
1910
258
1879
6941
4688
4465
6432
8181
2492
7537
3883
7961
2774
8128
4004
3242
7133
533
8171
6169
532
2267
964
3425
4393
4427
2508
7370
1499
5000
7194
4748
5819
2917
4449
5202
1087
4399
5824
2641
4921
2519
6854
4891
2279
2674
5396
3991
1974
7867
5952
7036
1787
4311
3298
5954
3222
2573
4896
2069
6932
2931
2706
7316
7287
160
1808
7454
7493
4
7750
6811
79
5244
1746
5746
4286
7873
2851
1714
1034
2982
7182
6025
3678
3454
8007
5422
315
378
6662
3224
2868
4706
1662
5145
3299
305
4231
841
7863
2812
2458
1458
1978
3043
7224
6156
2154
4296
3483
3661
1242
8003
1384
8016
4768
3186
1479
6392
5199
7704
2847
2330
1707
1412
947
467
3505
2328
2887
6504
5364
6912
8286
3510
4614
516
717
5160
5066
6965
3930
1545
5116
5822
3235
1084
3037
5284
2832
103
7932
7532
4534
1017
5644
3633
5650
8194
8193
2192
174
3290
5801
522
3759
2778
2367
4742
4656
7169
6476
3146
4262
3402
7622
2075
177
8183
2885
2526
1196
4040
7990
1212
5859
4877
5997
7975
3771
7955
3099
6517
405
7945
7609
3536
2301
1523
7590
5908
5147
6600
2200
6408
2808
590
7628
7690
4714
3320
822
1549
6613
1197
4467
6493
1671
7129
3746
2410
3584
4794
7014
5557
7077
7577
4548
6725
5458
6903
186
1944
2598
7403
4080
3251
6035
6163
5721
2147
6378
2428
6524
7130
3433
392
6013
7868
2922
6309
2820
7211
4182
2178
7411
1663
1804
7242
2455
8078
213
7972
6632
2152
1778
6215
4238
4957
2518
6717
1362
4652
8158
6872
476
35
6075
4771
517
6985
2699
8291
4774
6716
4765
5486
5156
6777
4791
2632
978
4024
4469
1815
7984
6453
2940
5751
4247
6991
6984
76
2794
4350
5732
6034
1160
4368
6650
2228
6043
3887
1936
159
161
3587
2889
5168
2234
2712
3614
7567
6771
1165
2277
890
1401
2278
5723
3174
2395
2040
4198
4888
5525
3993
6998
4989
3976
7893
1345
676
4757
1000
581
960
5587
1130
6855
1535
1532
4502
4889
2351
8110
3139
3740
2327
4487
8002
7607
3675
3193
2839
1557
6219
4675
6477
575
2995
571
6016
4878
6357
3937
3808
3963
3813
1397
2239
3326
1758
924
643
3588
3058
1712
4424
7565
4772
853
193
391
3340
5456
7983
1380
7641
4734
1267
6247
3283
2548
7338
1920
5627
5963
2381
7094
6443
3884
6157
2636
4388
7789
5393
8035
4641
7777
1647
6960
94
3377
3216
5028
5703
5602
6230
8094
1648
8172
304
3960
1371
6741
5154
6487
4593
2688
9
1873
5429
4900
3659
1884
6527
2338
7204
5731
5172
4232
1806
4142
3890
3861
3762
5048
5701
7081
5638
3268
2587
5642
5913
1878
6569
89
2135
5709
4009
3624
5763
4208
2363
4931
6508
5359
6128
4287
2874
896
5827
209
854
6767
4626
6316
5414
6069
3422
3962
5410
5960
6027
7482
3857
1638
3783
8294
6391
8107
971
2867
7640
4847
3085
8296
5546
622
7604
5022
4021
5492
7956
1
7005
2101
4002
1269
5233
6423
2858
4905
11
1279
4943
7230
1826
1957
7414
4842
7586
5289
2897
4530
5108
3806
7576
6661
4733
4855
5386
4236
4816
4213
7526
743
4414
2124
767
2730
6831
2563
4438
453
375
1207
3189
220
3124
5188
3768
1274
6729
1576
7340
5446
7787
7991
4415
5556
3825
547
909
7339
1763
3557
4893
3287
139
3312
1354
8065
5962
624
8300
821
4707
2990
466
1519
1741
2156
8217
6144
6335
1659
2513
2145
4897
5607
1869
4079
5660
6843
3497
115
6937
6200
860
4125
2230
664
7328
4308
3832
4568
975
1743
465
3689
4117
2553
506
1849
3886
5453
6462
8255
3125
5987
5348
7735
7740
3521
3844
3578
5519
6626
6737
2750
2465
2805
6733
1126
3901
3714
4119
7126
808
7634
7765
7575
4716
5297
6599
3735
7462
786
5993
7552
1774
6610
3834
72
5501
427
7486
7891
3765
554
487
1472
4265
3205
3626
2681
7300
4447
1322
7197
6765
3052
7886
1182
3878
3445
455
5474
1726
7150
212
6813
3981
3183
2965
832
1678
6881
5164
3252
4035
27
6860
7098
1390
7848
1820
7712
886
7894
3329
5398
6150
3391
2633
2836
5971
2491
1709
6287
7669
7564
5473
5488
4217
712
6593
6905
3424
8040
1618
223
3609
6380
6873
8275
5833
1187
3620
3415
7663
5531
7292
4268
6221
6609
6359
5946
7859
4126
4450
1844
3585
2950
2683
7976
219
2580
181
1895
5922
6977
887
4576
4057
2054
7324
6824
7381
5376
4653
1134
5193
2925
3623
8048
2773
3576
885
7022
4223
6240
6894
1706
1376
3322
3549
4451
2507
847
5310
2702
7004
2734
802
988
3266
6284
6470
572
3165
4939
3484
746
2769
3761
8177
4225
7632
7513
3716
7995
3036
3586
2801
915
2954
1791
835
8218
4826
3554
2953
424
1256
1490
267
5636
3057
6455
1121
3191
4431
5533
2716
5779
7940
4115
1767
1258
2151
733
5124
7467
6702
990
6586
666
4850
4882
2486
4760
6983
1215
2207
1689
5077
5616
1018
592
2857
5389
7350
7371
1147
6689
3324
889
5070
3166
5239
709
2324
7805
4428
2009
5245
5710
4045
8126
3218
7752
6211
710
1335
1661
3821
4006
5183
3202
7546
3627
3143
4486
2607
4970
6201
4363
3469
6799
2321
8209
2143
5142
3120
7660
1467
1090
4858
7823
6298
1789
5984
2849
4061
2129
4920
3427
6106
8026
8086
5861
2693
2509
6260
2740
5950
2155
7913
2459
6398
4549
3007
3206
5572
5018
3567
7032
2725
8108
8156
3481
337
4374
8153
1013
4153
6748
6203
6604
4093
5539
3034
3063
3069
1735
5055
1445
3568
5697
1491
7971
2977
2188
6523
4674
5267
1504
7506
1422
920
371
45
2789
1766
4162
1621
4442
7820
2901
4098
1755
2765
4264
3244
3138
4367
7746
6957
5648
501
3914
1484
4139
7744
2433
5300
8179
5770
4146
527
2034
4097
5243
1027
6369
1181
3001
2065
5417
7421
7229
3803
602
705
5354
1462
7647
6687
5175
486
7320
4936
2429
7479
3739
2652
6830
2026
5853
7833
5842
8154
7801
2202
182
7151
3160
6580
3167
7762
2926
4756
2968
3705
979
1655
696
583
7247
4617
4022
5965
5490
903
6362
2021
6207
211
12
5312
4551
1538
6262
2206
7696
7872
420
3923
1112
3357
2935
2217
3380
3461
521
1624
6567
6738
3073
1156
4759
8309
1932
6334
6515
2481
7441
7465
5294
5803
1047
4485
5161
7325
1958
6691
669
6414
4458
1752
5579
6086
2956
730
4719
7797
1600
6329
6006
7730
8005
7109
1603
2312
4948
3580
7574
403
7057
6908
5739
6412
7608
6130
2617
5830
1859
7412
2438
3667
1037
7490
6313
1565
1785
244
7312
4607
5513
1449
3958
877
132
44
5371
3650
5889
4873
982
3141
1968
3249
7347
2449
1970
50
6384
7759
3478
3674
6286
4830
3214
4067
1739
2364
2723
2079
4836
5314
2414
1577
7035
5719
7581
1732
3776
8245
3273
5259
500
6420
6263
6039
4145
1369
2170
5679
7563
2339
266
5288
844
6143
3766
563
2621
2131
4329
804
7915
2097
60
1777
5165
5308
2342
3845
2294
4028
7796
6071
1100
7250
7245
3838
7165
6775
288
5316
6217
479
2535
4420
5139
5934
5020
3669
3204
5062
3159
3219
553
7294
2691
7221
1796
3996
7238
3095
4945
5100
3742
188
3744
7392
3123
6989
458
2845
4020
6681
282
679
3725
162
4266
4859
687
1642
8272
1166
5221
5553
8292
8192
5075
4553
80
5031
1451
6561
3632
1891
6778
5878
7363
2078
5238
1529
6648
5748
1388
384
5009
1626
5180
6972
1375
6607
1761
6115
6692
4480
8289
5111
6575
3552
1518
3406
6694
3786
2764
1030
4108
5144
6679
1609
3443
3158
21
3619
3823
6448
6522
7378
7644
6390
5236
6445
514
6209
5565
1585
4528
5906
6154
1893
4261
7418
2997
2662
600
347
5924
8075
4173
5073
535
5836
3805
5011
2626
6653
2345
7723
4229
1882
596
3839
7892
3250
8187
3898
5336
5662
8258
1861
949
65
7904
6606
7155
1690
4011
2538
6291
6916
5849
2724
4355
133
8148
976
2331
369
1073
3999
4584
2005
4811
1660
136
1259
1701
6929
1771
3685
3302
768
2204
4801
4908
5597
2322
351
4709
1851
317
7455
5663
4630
322
164
4419
1169
7993
1426
2025
2408
1244
5061
5103
5196
4180
6669
3558
7136
6389
2567
7046
7431
1489
4912
2919
7228
2804
6325
3966
7573
5699
4712
725
4289
794
155
868
7918
4340
7458
1233
4775
8206
2356
4260
4516
324
1088
6274
292
7929
3562
2074
6189
2568
977
8008
2966
5112
6964
401
633
6501
4298
3399
5407
4909
4852
8017
8239
933
5992
6296
4510
6939
2359
4193
6435
3228
494
134
2704
3188
2877
4671
5874
7616
1391
6584
3094
6711
7661
872
5222
7001
5290
956
4752
6796
6588
4195
8222
5774
3560
7233
3684
2063
1016
6324
2709
1679
2713
5080
1056
344
7795
4839
4797
6132
8087
1575
1505
2133
4649
2856
3787
4386
355
4333
4133
2792
5430
2695
200
1747
6787
5332
4701
5517
700
7183
7141
3371
5337
2138
3984
1892
1307
6009
325
8223
3603
2667
2552
911
5601
2894
5935
6297
4971
1360
5628
3804
2798
2081
6746
477
4978
6615
5357
1596
6299
58
7200
5752
4132
6888
13
2222
606
4953
6907
5655
4930
5897
1607
7659
1887
189
916
8083
2651
4306
6227
4283
7291
6496
4270
4629
7633
34
6678
8139
6052
5664
3150
4053
2411
4596
1571
3054
7495
565
6451
1916
5405
3635
1960
3793
1821
7773
1862
1918
4155
8037
224
6172
1951
4252
6901
5166
1520
1971
1014
1051
7380
5465
4138
7416
3973
3920
6001
5065
2671
958
5864
7977
969
3789
5277
418
4183
2575
2250
7970
5606
6442
1400
5502
5198
1612
557
5323
3608
5464
2175
3673
280
7404
756
6355
3849
5201
6239
5682
3426
316
8263
1976
3029
2375
4496
5402
1235
7885
1287
6171
5019
8175
1950
556
7594
4364
2464
7504
859
4560
7172
111
6793
1830
7761
5860
1989
6079
3952
2861
398
7096
8168
5258
2565
738
7420
3280
2592
7998
6048
6337
4519
1226
7675
6944
726
7899
4429
6779
2091
3431
66
7263
2018
5571
4965
3998
1294
1866
2694
8046
6906
8205
774
4810
4926
4773
6709
4865
6670
3021
5113
2111
6676
2477
5049
3591
46
1558
3332
6474
7724
6776
5593
7605
1002
3733
7147
4819
3982
766
7090
2194
6817
7387
3401
8119
204
1516
5189
874
4165
2014
5074
8290
3658
7460
7023
1604
1389
4600
736
1700
5797
2902
5605
1634
5757
229
772
5444
2184
3494
341
3056
3741
825
7251
6349
1737
3254
4862
3020
989
5017
2864
4972
2059
7384
775
6581
8253
2373
861
335
2176
7603
1463
8165
1439
3530
2139
4552
3679
3670
2504
5163
995
6111
5229
5254
5600
1597
5535
7012
6426
4041
1167
6436
6367
5069
8227
3407
1736
36
153
3743
657
3359
4751
4533
579
7285
2041
1383
7838
8224
3182
7453
8085
4255
6126
6387
5715
1832
6627
1325
2057
3542
1459
1116
1682
7992
3321
7278
7337
6101
7195
2500
688
518
2728
2579
3190
7439
2939
2843
7449
7344
5894
5802
7829
5056
7792
3940
2989
4116
3512
4677
4648
4803
1635
4382
4755
3040
3566
4660
5807
3613
3337
3649
601
4365
7052
1398
3418
4754
7888
8302
334
2603
7223
4224
359
3230
4498
6699
444
2746
7145
4300
5151
3442
7364
2742
5758
4095
8044
6204
3400
1416
5059
2023
925
7880
3983
4991
7510
4767
6861
6826
8299
6116
7438
10
4711
110
7986
4432
7906
5943
404
2992
1434
2618
5432
5482
2659
7333
1502
7772
5242
6974
2999
210
4344
3215
2454
2859
7656
1240
728
8021
7034
5820
1078
4112
202
4221
6797
2383
7284
7943
1503
1840
842
1786
4267
5641
4360
1175
5696
40
8057
6175
2946
2863
6758
2044
2300
4500
260
1200
1066
1742
3263
1159
1991
7206
3526
1221
1192
6864
5604
382
3025
6959
1155
7548
3612
2073
6598
2924
3697
5419
5903
1228
2460
7283
1328
2961
5253
6104
3607
399
1214
5451
3374
3395
8029
1453
5518
5698
6139
5543
1261
2215
7225
3524
2453
5171
3229
6890
1979
1698
5576
1284
4986
1446
4731
100
4846
5503
5980
8135
2265
3843
4109
7869
2295
3700
3457
3301
7638
3369
8112
1432
6265
5217
2444
4758
6416
7935
2898
1589
4027
5983
7087
6312
2741
8074
3353
7963
714
5016
5521
826
2479
6023
1912
5800
1495
2813
3774
2223
7174
2319
1144
4790
3535
7716
1548
674
3039
2837
8030
358
1310
6547
4622
4120
4212
8028
1633
4220
5447
8230
4454
2823
6400
884
3885
2451
5877
5931
2599
3366
2305
109
942
1594
5246
1601
1731
442
2007
5173
6979
3796
4960
3582
4738
2524
8006
6498
1096
4181
5390
5598
68
376
3882
4730
882
3548
7925
3600
8105
2838
7720
636
1170
4490
2783
6530
7273
6876
4975
531
3514
2555
1006
7279
4833
6773
2664
5500
1186
5964
7539
5657
7812
6465
459
7779
2653
7266
5875
7742
232
2337
6234
6801
7073
4479
4820
1392
8140
3338
830
7508
2795
5828
3455
5938
1483
373
6680
5093
3851
2199
3933
3208
3820
6098
1111
2588
3198
2004
1954
3070
5639
5285
4661
2729
8151
2329
6618
5045
4056
4868
1057
7210
2117
4556
2608
2095
370
2623
672
1302
4068
2029
534
3929
7624
856
6078
6489
5127
1217
5678
482
190
4091
3284
4789
4837
8191
3307
6762
7304
1447
4259
4206
6243
7810
2784
6677
1760
7496
8133
701
1172
5110
7775
8031
7243
4697
4542
513
4297
3676
1293
6427
4938
7481
3392
3563
5661
4071
7029
3927
6041
5099
1773
4883
759
4636
7882
7549
7033
1681
7996
6516
3072
2952
5088
314
1496
3097
214
4804
7091
5856
1223
75
2036
5945
4537
4209
3466
3546
1036
8125
2680
1531
7044
550
3717
4423
2923
3477
6988
3212
2866
5708
423
632
4203
6428
7152
1816
5816
4463
1133
6029
6840
1721
6721
7516
597
4683
6654
6170
3969
1219
4036
7400
529
2733
2123
8069
5392
7778
1930
4717
195
5060
3162
3990
6134
3928
5438
5817
29
1941
2466
3316
2388
5351
7839
1996
1955
3709
6293
4256
7525
770
5747
5050
611
654
5347
6076
1164
1153
119
3544
1581
621
552
5566
3044
5968
904
93
6386
7359
8219
7739
4927
8060
2666
8264
7265
3691
1720
3012
7432
3561
7315
310
584
6326
5570
906
5360
171
2193
505
4246
2766
6046
5821
3373
5200
5004
1982
6213
3368
3048
5914
6781
2747
7686
8123
7650
1396
2384
883
6341
2406
3121
236
1693
5007
8251
5810
6971
1630
5712
6490
7806
5858
5795
3899
5136
7681
7329
3107
5804
6437
962
3590
6518
2511
948
939
4446
1870
6839
7100
2726
2523
7110
1999
4373
1457
901
1963
2571
3598
6285
7132
4681
158
7683
5929
4521
7939
528
727
8009
4092
6695
1959
3479
4832
1273
3850
704
8160
7170
7236
201
6690
4935
5799
8267
1574
6300
350
1967
3668
2955
4258
5266
3663
3199
2180
294
6481
7707
3500
495
1759
7148
5355
6808
5895
6321
1202
2439
1886
3947
7964
2484
5026
3815
598
413
1059
1985
8240
6119
6253
734
2418
3872
1962
5547
4728
1622
614
3092
2489
3116
944
2389
3303
4956
4191
4981
5610
3126
175
5394
2366
7717
2788
4806
4601
2016
8215
4143
6638
6417
4326
6302
1839
6084
4163
573
4541
937
1935
4012
5038
4111
4102
5737
5857
7352
272
6534
718
5939
4375
3197
3027
3936
6422
7592
2011
5174
1517
2604
4578
523
4662
6338
284
2323
3778
6995
5574
4722
8282
2879
228
4762
7205
2243
7962
3596
3460
5683
6884
6578
7139
617
2957
3540
784
6495
287
507
5588
1845
1231
8034
6468
6053
6500
6943
4403
6556
116
540
7180
3814
5208
6214
393
4569
265
4275
1406
6333
929
8281
6629
5930
6531
4916
6784
5798
5084
7185
1836
627
4302
3867
3177
2600
4200
5303
4721
6891
5787
3032
706
670
3772
7784
7725
4887
6704
1598
2781
4514
1438
5705
8287
1429
7390
7754
6064
2850
5463
4655
2757
6429
4122
428
660
898
1355
6264
3285
5575
8018
1015
1103
4729
8104
3763
1298
2314
5036
1185
4242
996
4334
4084
3016
5652
4411
6917
8049
4745
5544
298
8091
7987
4033
6497
22
2457
5493
3699
4164
5457
1591
649
5783
5115
2994
6850
5651
2362
1441
3719
4603
3611
1012
1241
6785
1541
2302
7162
2914
3388
7070
4063
4060
6682
5366
8000
8317
7517
548
4890
3319
5936
6097
7722
184
3994
5291
8244
2645
1716
668
3968
3386
5325
1485
3645
4140
5121
875
8073
819
6138
997
485
1468
5736
3439
4078
3490
5262
7544
3932
7341
3781
2785
3677
5884
7492
2320
1563
5102
3564
7527
1264
6820
7890
8116
7213
54
5052
3333
2654
1348
6081
1332
4995
8162
2831
5835
7942
7121
3877
1492
2144
6188
6526
5813
8155
6829
807
4922
439
4646
2220
4720
3081
4689
7950
4406
2105
7949
871
7914
2262
2068
2266
3262
6343
4470
5896
4476
1803
2035
6647
7791
5409
5324
7178
3896
2544
1108
4401
2472
5014
7408
8197
5507
2348
4070
5792
5850
5043
3666
4651
1542
5666
4594
6612
1008
2211
3084
6666
675
8257
7895
1753
7309
6657
5480
6113
7736
3980
3323
4903
7613
7494
3342
5090
3655
3816
5686
5969
7218
3075
7874
6766
3398
599
4235
5450
6091
5790
2895
7999
3318
8147
5504
5552
5356
5907
450
8315
1625
4987
1560
707
647
207
6571
1329
6074
796
2436
4554
1964
5532
7017
3944
1248
2835
2085
6358
1091
4059
3451
7697
1537
1865
7471
541
468
6248
6394
1339
4205
1423
5170
4369
1724
252
7476
3090
1364
7817
7626
6356
2416
271
4082
1908
6807
1361
7406
2224
724
3810
3855
708
1194
3492
1161
5812
4018
4619
4657
7053
4932
4100
5569
2405
125
7540
8142
118
2350
4341
2062
2973
7916
5220
7303
3911
7330
5097
5653
6658
8268
2913
2944
5319
677
7619
6892
3030
367
843
3335
4713
4575
4513
7037
4793
6882
5534
1907
4531
7360
8301
4562
7252
3618
1819
3282
104
3581
8163
3574
4599
5899
729
5694
4988
5811
7311
5514
755
4372
6736
6560
803
4492
5209
8117
7842
5568
3730
4240
2700
3809
3114
1038
2786
5725
2070
5057
1280
1054
3060
2141
4822
1924
2475
2432
7299
2620
7498
5037
4436
5399
2358
7924
6087
3225
3770
3436
4907
7898
5978
8170
7214
994
1022
4566
7850
3694
7814
1793
5296
3654
2880
6282
62
2714
4634
1346
8277
5333
3258
6565
8043
1138
508
7927
7199
3416
7018
366
1738
26
300
8180
6949
3722
3453
7446
3201
1500
7903
5727
6228
6283
1727
6954
7629
4863
866
5613
6667
2854
6129
8118
1206
1606
2072
4274
2019
7767
8221
8184
6981
8100
1072
7356
6469
1405
7689
6827
6867
3210
5743
8269
173
6499
7578
4744
5979
7876
6278
379
683
1831
1822
49
5707
3194
5010
6281
6846
2213
5583
1291
7025
5646
938
4197
6347
2177
963
2738
2107
357
1351
5702
4474
6507
3800
5976
3289
3414
6935
6660
8234
6794
4874
4339
302
237
4010
2421
5559
2692
1417
7164
3098
7410
4243
3723
4352
2482
4322
6893
8023
4013
8161
3764
7930
2630
7253
5886
6640
7056
6191
605
538
7966
3465
6014
4314
3409
5349
3830
4539
3306
3964
8210
1592
5959
6366
2159
3331
388
8012
3356
6272
2958
3079
932
5834
6012
2536
4831
4105
7198
2137
5586
312
2609
456
3220
3818
6174
7677
82
2806
8019
3240
1114
4448
7280
6396
1408
1508
183
7260
3876
4137
1559
1470
4190
3049
1402
3853
4749
3657
2379
3149
2556
8027
917
3835
4379
3253
7163
5096
4377
5403
3511
3089
8061
6306
8310
6472
2855
8141
7948
6672
4130
7290
449
5832
7580
277
6616
4076
2876
5941
4044
1613
37
6318
6353
1283
1524
6934
2346
6968
3573
2289
261
1363
5270
1093
6624
2852
1715
7154
1193
848
6492
1640
1282
6645
1835
165
720
3462
412
1676
6688
4959
6000
5013
2103
8260
4740
5722
6482
855
8089
2809
5693
4876
5130
3042
6708
7003
8033
3435
320
2595
3132
6430
2816
4023
5328
3472
2566
1208
7612
7428
2647
6268
2762
7011
5362
2469
112
4805
77
321
5754
2574
655
6815
7234
2582
4993
5455
5904
923
3692
3274
7938
4346
750
2487
2226
3640
7743
6849
5184
6553
974
4666
2819
2344
2803
6782
2061
4598
7398
8266
6668
2613
4413
8082
4747
4990
2711
799
7804
6805
3912
1132
1987
6842
4177
6789
7244
4121
5276
6611
2986
1919
7226
4529
8233
6834
3782
1533
5256
4307
6887
6092
3470
264
1020
2811
7500
3346
2593
2932
781
8207
1980
6994
6393
6088
3715
4994
6720
544
1757
3448
1079
2038
3241
2236
6212
4185
6634
6348
8242
4066
7108
2088
4019
7076
7189
2205
6003
4800
943
2951
870
4318
2315
8231
5509
6486
1992
5416
7954
2817
1028
5761
8127
3664
7367
2584
3211
8270
4973
1610
7721
4940
7334
2793
6160
1399
6562
6223
1813
7161
1448
3975
7368
2537
291
1691
778
6631
5078
3344
7512
6832
1717
1883
4325
3690
2675
3086
2696
3370
6768
5214
4151
7336
6532
5140
8059
6920
2775
3727
5197
3935
2100
5076
7875
2423
5883
140
4595
798
2045
8095
246
7714
7674
6803
6566
7695
1003
5286
2721
5937
5107
2304
7881
3711
1135
2354
6685
5762
4663
7117
1722
356
7802
1934
4381
1238
6551
7308
1421
6918
5759
3361
2960
3363
3948
4348
3720
907
7181
1632
6011
5274
692
1595
7239
3737
6770
686
4737
2299
3404
2719
6383
6756
4522
4330
1939
31
7960
1340
4437
4625
5135
6880
1042
6205
4637
1094
6823
6540
1781
2049
7270
7667
4536
5313
6206
245
834
2590
4336
7511
415
7388
3864
4558
6947
2119
6899
4612
6032
7464
4679
3543
3550
530
167
6480
7310
2340
2737
4544
4917
5234
3421
4087
7844
1749
5685
953
3305
7621
8098
4319
3888
2231
3860
318
1252
2473
3119
1102
2365
400
4835
3164
1990
5865
7751
6902
892
6120
8090
5260
7671
3837
3879
7355
240
6379
2385
2547
1704
7192
3642
6405
8077
5377
5143
385
4337
5777
2642
7550
4616
3893
3559
98
2440
3112
3006
5179
7651
7105
1368
4574
4581
5522
7857
2703
7314
96
1748
1150
409
3277
1319
7757
2884
7134
2189
4518
5095
926
1530
3750
8066
6875
5515
2502
6121
1875
2196
4189
3438
831
7729
2254
1263
8166
4001
4472
1095
6085
4954
1336
6635
2910
8262
7846
4787
1326
6898
4934
2825
3047
4418
7718
5089
5872
1465
1382
1942
3209
7074
1608
1902
336
6187
7922
131
4871
6147
2333
3575
7212
1623
4795
2468
3176
3617
5391
4963
1973
5002
3367
671
7561
3028
846
5384
2121
4397
5250
4129
6802
5225
7664
762
6630
3110
432
5590
92
4460
7323
3917
1657
7158
905
3207
5397
4478
498
8220
1981
5888
6020
631
7072
4347
1350
5791
5778
5415
7502
3680
3101
2710
1064
8022
7461
5159
6510
4777
4081
6220
3665
6597
6900
5940
7261
1154
2256
3419
6153
1792
5524
650
6806
5711
3491
4054
888
1188
126
2751
6976
4911
3848
2646
5981
248
849
2371
1168
8071
2937
323
6990
4821
1163
8199
1009
7038
3217
6152
6550
1904
837
1514
5322
2082
8088
5499
6513
7240
5400
7059
4037
7497
5210
4532
608
3078
5251
5919
4421
5840
386
2949
6036
992
3606
7599
7268
5346
390
1367
7383
5387
7560
3238
5526
3907
7298
8020
7994
5594
1117
7769
1482
8036
4996
4966
6162
6440
7541
3475
1644
5745
8213
2777
5484
6242
7946
7909
7861
3115
3050
6250
2622
3583
1669
567
8284
2380
8312
1552
7768
2431
1888
2578
7123
433
931
5560
6261
7979
2031
437
7553
7642
810
2532
5024
4591
7065
1923
1616
6810
620
1614
4051
2827
549
4295
7405
2232
5219
562
2280
6706
3295
8045
1430
4046
8304
7614
3349
3795
7542
2679
6727
5436
471
7825
5892
2316
3151
823
1617
4404
3504
3939
661
7159
150
3325
6542
7655
6305
7209
3977
3013
7440
3313
7788
1067
4062
1344
1303
7982
7536
3288
8271
56
3245
7902
5299
2241
5909
4157
2912
7104
5844
7045
2182
987
4409
7219
2906
970
5085
4230
3601
7483
7760
5825
7488
5091
3499
5335
5612
4014
6545
2467
827
3382
2066
218
3243
6543
4174
3894
7013
2112
2624
7658
6218
63
1050
1285
5280
6933
2768
1977
5192
446
587
3281
1890
3464
5083
6136
3074
308
3938
4186
6342
7175
151
4118
70
230
1222
612
7545
7535
1443
4141
198
6125
6346
4099
585
7672
2978
5460
4351
1379
256
1428
773
656
6273
6938
4784
4589
6628
900
6625
5659
5749
5806
2394
5629
145
3396
5350
3468
3136
5215
5058
1733
5029
460
863
8132
1301
5511
1410
4723
2399
8247
3355
1424
4083
1515
4525
7919
6603
135
6454
7232
5420
7207
4030
1173
5203
7322
5562
1807
6182
4455
2252
4980
4951
4538
231
7208
7395
5128
3314
2979
6642
5549
4976
894
2240
4226
6953
3556
6364
4158
8081
3111
2245
3486
7521
3106
2130
3589
1176
2257
154
5608
5573
2602
113
4628
539
4175
3437
2908
5287
3265
2570
751
5118
3531
1272
5776
4166
5027
2172
2271
1540
1765
3173
640
4276
2197
1262
2928
268
4770
7149
7424
3865
3639
7362
2028
227
2665
2452
1666
2661
122
2991
2425
1011
3779
1031
438
1357
2212
6354
1975
1889
7071
4543
3372
3297
7375
5781
4941
120
5269
3088
4587
3997
1697
5577
7745
4969
5957
6117
3010
3854
4210
6825
7701
1800
1940
7015
1798
7959
7353
3108
4523
52
2008
5431
249
1232
2104
5631
7389
5845
5714
4983
1466
2976
5228
1947
4910
7006
6176
850
4792
7128
4937
3915
4785
7815
3002
7430
7840
3447
4433
2870
5227
8131
873
6063
4550
4796
2959
84
1925
8038
8178
1414
4818
5
2542
5379
1578
771
3847
3071
1834
8173
263
7264
7369
2515
8174
2576
6141
2048
4031
6735
4611
2426
1751
2799
5342
3128
691
7442
2292
1823
3961
6528
1481
6798
5129
7190
2225
8278
1190
569
7811
5211
2118
51
1847
6752
588
6
8276
8047
2012
2717
7703
1236
3239
3799
6339
589
435
185
6067
2287
1653
3873
2369
7700
6858
2055
7782
8124
7348
7215
343
7615
8070
815
2263
6714
8288
6809
3726
7102
7732
5134
7288
3924
4430
3059
5891
8306
1255
2577
8115
1881
5706
6158
5334
4402
2282
5841
5063
2975
2610
2171
4704
7473
4665
5782
6224
788
4676
1567
711
1473
3797
7988
3745
2050
638
1740
4292
5496
2163
1409
5902
5879
865
5264
3181
1029
5905
2032
985
3957
3227
5633
5421
7595
5265
782
5537
4508
6643
5205
4453
6303
7326
5923
4597
6246
6166
3429
180
779
5542
3091
6475
3647
4279
2114
5380
8114
5567
6506
5720
4739
753
2000
7191
6723
1605
2882
4924
1174
503
4974
1896
1461
5137
6919
5133
3949
3656
8001
2643
5081
3185
463
7923
2782
6457
1265
2002
6199
2181
5785
290
1898
5933
4845
7871
78
2274
5912
3169
6572
7758
8279
4303
5596
7086
5755
4605
5695
2527
2087
3276
194
7514
8146
2853
431
7168
7157
6461
3005
5330
4812
5582
6231
4272
3841
783
3064
4798
1171
4244
6538
3441
7710
2173
682
4434
1140
1370
2554
7799
7551
3652
5855
8169
6742
1509
2126
4736
4237
881
5462
5295
6726
510
5538
4032
2705
2930
255
4394
6377
6155
8058
6590
7125
3703
2893
8225
8093
6252
6055
1933
6592
5815
4685
4331
4669
2998
7054
2183
4074
4257
2871
2296
2214
1573
6911
4872
3527
951
3154
2559
429
1046
961
5617
5851
6722
5920
5497
7343
723
6568
5237
1799
4824
3412
349
4113
2027
2971
5540
652
2476
919
5554
4416
380
6655
7452
4462
2639
7862
5927
7277
5169
6072
4968
6056
1692
7601
536
4089
7262
4918
2187
6049
3291
7520
3748
7256
3024
895
3863
6478
1876
1858
626
414
1292
6331
4029
5428
6620
2435
4345
5279
7296
4776
954
4234
1124
1956
7179
3163
7785
1906
5967
908
5374
3264
6703
417
4659
6105
8063
4425
7766
7396
5213
5255
4825
3686
4282
1855
253
7606
7487
7327
6747
800
7220
6307
6857
206
7685
7289
7958
1085
47
2824
4564
5146
2495
959
2745
8250
902
2309
2096
4127
2255
2053
338
3520
7653
4005
3880
6279
4301
7445
735
377
6963
3444
8084
1456
7499
1675
5082
7920
737
5126
1101
7611
5459
8211
5684
2493
8052
1997
7009
7731
8189
2442
7851
6675
4285
4999
6452
6559
6352
2875
2687
2498
4356
20
7295
6591
1525
1650
8072
1868
502
1352
519
6399
5449
7957
813
4204
7302
3597
2238
5339
3625
7519
5773
5958
5975
1086
421
3148
980
4007
3192
2615
152
7259
6554
6108
4321
6066
6491
7131
6361
3702
2400
8254
5491
4459
2787
5916
4201
1026
1651
5426
7705
6646
7571
6315
4422
2136
7354
6328
6931
1677
7272
281
1083
4602
7039
3918
2848
3471
7830
4370
5869
3817
7097
4540
3420
6926
1998
7713
1506
7523
107
8229
7505
3076
8056
667
3308
625
1218
2735
6148
178
5015
2109
678
239
5068
8152
6017
7457
5733
3351
97
2569
6301
1353
5194
3023
1929
716
5032
6602
5520
4746
6244
981
4376
247
852
2505
6975
6576
3272
3480
8167
3330
1768
1927
1035
1180
1645
6024
2001
1965
2516
1420
2291
7237
628
744
7088
2076
1288
5692
2186
7617
3275
3278
4786
4577
7877
5615
7630
4196
6127
2540
101
6295
1593
7588
4441
4281
8305
5691
2648
2434
3082
170
7678
5974
411
806
2943
3476
4690
6304
7444
1588
4435
6996
6585
1901
2160
2409
5293
4750
1224
5132
6724
2218
445
4992
1142
235
3168
6483
7836
690
2273
6870
7063
3592
6146
7558
1341
381
2471
1953
2984
524
4699
241
6800
6927
4271
2191
2403
7120
2445
5516
4726
4572
1756
3234
1582
2335
434
3155
3187
3842
4358
6693
1554
2797
4064
4766
2317
5671
7699
2293
1894
3752
5687
3348
6045
83
4228
4304
8096
6967
3152
7058
6837
5880
6485
168
4250
3008
191
6061
5621
2253
1776
6529
3383
4860
5675
7075
5838
4520
3734
7301
7231
6330
7437
1900
3378
1330
7257
1931
793
6909
1106
5382
7692
6057
6795
4848
578
5728
918
4615
5672
1945
1137
955
2676
6363
4202
7503
5738
6537
348
6623
1905
5599
57
2669
7235
3286
7997
4123
289
1338
747
3545
7583
2080
761
8103
6879
4892
3798
7941
8067
6179
4741
2601
7020
7447
330
3231
2892
5854
2748
7726
4923
5988
1699
526
5718
6639
3811
1148
785
2483
2988
1877
7748
5928
545
7905
3300
7093
2134
2165
3051
1433
805
5275
4395
6997
7600
639
5578
3315
3066
7448
3594
3945
6558
5341
5948
5494
5001
7803
2401
4769
2981
7620
4710
1080
7188
7557
4606
1055
777
1780
6633
820
1032
6235
4468
4149
1480
3532
1129
5555
4783
3513
4725
3517
1010
3794
5345
3529
2660
3336
940
7202
5218
7936
5381
5025
814
69
1053
8143
7559
4946
4696
6373
496
6425
7610
2374
7813
967
6103
3643
3698
4398
7275
6447
331
6885
7728
7856
4254
3496
1123
1511
3065
3829
7484
2310
2841
4194
2948
3906
6922
3788
2269
4585
8308
5917
5910
2821
7305
3634
2106
6764
3093
7637
560
2779
2840
5263
5784
8190
251
6184
4211
5796
7682
7113
4735
15
586
4069
6701
6697
6505
1105
4779
2611
6671
7426
1583
3156
5385
6862
7781
1178
2682
141
702
3247
6790
64
7921
179
5717
2974
1477
4715
6980
1510
1048
7255
7648
3328
7912
7555
7062
5483
4545
6863
5326
5634
2415
2260
7124
4385
4288
3541
4640
3408
5676
1914
4570
2284
3738
757
4103
5603
2933
339
5454
5768
2770
3767
4613
402
4829
3784
1620
1674
143
7335
6962
559
7947
6503
7662
1687
3171
6847
3846
59
3397
7069
878
4107
2586
6557
2591
5881
3916
2122
1572
6728
1110
3260
3456
4273
7969
1146
7358
8120
1437
7786
1318
5365
7385
604
489
764
7099
1425
1281
8145
3785
4843
7837
6192
6851
5991
1306
3352
5772
3986
7399
4176
6617
3293
472
1374
1415
4324
3695
7156
941
5808
2830
4979
5726
4639
5418
6791
4349
6294
1394
3908
7665
763
5618
765
7468
8238
6874
593
3903
7000
2485
2153
1913
2800
2822
3970
3405
6712
3135
24
8246
6040
6026
7556
7843
163
634
3955
7579
364
6838
354
5425
2447
7030
6619
5152
2209
1488
8188
4439
197
6732
4627
6178
7989
2807
5271
1775
4410
4332
5141
3569
922
4073
95
7965
2233
4668
6674
7980
7623
7733
3430
7639
1356
6038
2865
4705
3926
7470
2387
6438
30
5373
2353
4085
2791
257
7366
7596
7313
5551
8122
7068
2169
2947
1852
7222
4732
6780
3749
6897
4047
6848
7080
440
6122
5123
4316
973
7828
6093
999
1250
327
7533
2744
7297
389
1099
226
5921
6054
6904
5750
4207
7734
1867
1694
1109
203
2904
7041
6082
7066
613
3246
4152
1590
8274
3134
6089
1475
2962
4384
4473
7241
2343
2539
3701
1004
5843
1507
4557
1551
3467
4457
6730
1045
4310
1334
4293
7425
17
6336
2198
372
543
3687
7818
1513
8109
7393
6255
7687
6222
1915
2549
2640
474
6002
6999
2413
4050
1619
8113
6940
3067
1611
2168
6095
4610
5527
7466
591
6925
6637
1744
7509
1754
7361
299
4708
7365
2298
4096
7819
6311
2402
483
1427
5003
5765
4886
7427
7780
6449
7146
238
6966
5989
1667
2790
4982
7897
5071
7967
7258
2258
5411
8303
869
935
3223
4573
5996
1118
2720
2307
2936
630
1060
8236
1025
3022
6814
5304
1024
3113
144
7708
6473
6563
5240
1817
3309
7357
5611
7248
6913
2753
408
1372
1966
5158
6750
2545
1309
1993
3153
741
4853
4342
1229
8241
6351
577
67
2558
7901
2390
4895
758
5281
2355
1251
7824
8032
644
7698
3755
4101
2983
3375
7374
7321
619
2686
1305
2663
7602
8
121
3394
3279
4505
1136
2810
1440
2969
7116
3870
5406
4484
7798
5445
7021
464
3974
6415
5970
2288
7459
8186
1797
7477
2530
1772
952
7884
6804
5094
3310
2352
829
5548
1646
840
6844
48
5944
5327
