7415
1338
593
77
4546
2894
6381
7196
7556
5476
2871
3171
6502
1251
1332
2176
5971
1918
1970
1125
3558
201
3639
4560
5870
5652
7421
1567
2767
2880
609
7527
2265
4662
5061
6572
7728
6919
881
1861
5811
2035
8048
1768
7795
4724
4329
4337
1673
3037
7442
6147
5802
1079
7069
5492
2527
6274
6879
5434
5332
3197
3920
6811
3885
2292
5973
3682
4076
4434
4011
2077
624
7438
18
6513
1313
5776
1733
5735
7328
5754
7546
6342
3316
6223
2005
1191
3599
3739
5392
133
7091
4513
229
1505
6480
755
7661
1696
6475
2698
743
1850
2933
7364
1048
6610
4899
5749
3422
8049
4801
3535
8312
4068
7522
4339
4763
4561
5095
4625
7553
2283
8298
2417
7612
7945
8083
6288
7176
4569
188
3313
5191
2996
3582
2324
5956
4607
7771
4234
2480
7479
1098
441
2083
4501
8230
8172
5736
4178
3538
2827
2352
6352
1176
7145
6507
5636
5733
6317
136
6606
6269
1172
5393
5364
4039
130
8283
1802
1680
1787
5031
4823
277
6955
3044
107
2288
2630
3523
1858
7357
3283
4586
8092
1642
8275
5803
3750
5849
7619
6402
3125
1046
7791
1421
804
3106
4466
342
7439
5879
5681
2357
3566
7761
3332
5396
4468
2144
2126
3384
8038
6914
6076
185
3231
2070
4747
916
3415
2037
5875
6676
5380
2395
7085
7191
2507
7403
5140
3048
6308
5123
1525
7946
6819
2064
418
6652
5335
1887
836
4255
99
1652
7834
7575
311
5394
7865
6715
1205
3695
6290
3230
5664
2239
7454
6662
6556
1229
848
4361
6195
5837
4460
5925
1424
8112
1609
6373
1522
7533
3173
1664
4689
4960
5089
1450
595
5488
5998
339
5362
232
3794
4745
5414
5128
597
1528
2132
3846
6162
5594
2063
1924
5021
5584
1487
6686
949
4715
5913
4081
7626
3986
2012
4760
2561
971
3203
2986
6716
140
8116
2478
4249
1255
7887
2696
1463
6874
8161
2707
5125
7920
3924
5601
7428
330
4382
2473
2594
1917
4009
5025
1399
4614
6593
913
1355
6177
6264
5536
4712
6214
6564
2918
5244
6493
1430
4772
1790
8168
5387
1246
1937
1216
135
4448
8194
1006
1295
1303
3698
5285
826
8273
4904
4830
3802
347
1746
2835
6340
3407
2212
3475
1227
7650
2969
245
944
3107
8170
3432
2632
2373
977
381
652
4802
5496
579
3992
5521
712
7702
4973
4108
6464
4828
6058
7149
6492
1348
4643
5843
5296
4729
3962
438
3630
6079
3162
1153
144
302
1886
7037
7940
5233
4743
864
4847
4521
979
7537
279
4862
5229
865
4162
6123
407
3679
3598
6225
731
3091
716
1935
1798
974
4834
5343
6690
1897
7279
2127
3912
5342
2378
1538
8197
4677
1523
3818
4874
2078
3482
383
121
1504
2404
1572
7346
7252
5642
7437
7739
2214
2297
1290
5160
6307
177
1532
3246
4469
3139
7222
6973
1667
7684
7659
1531
5617
421
4098
7399
4833
985
672
2760
2184
8079
6622
3477
3150
3782
5050
8261
436
1384
992
1597
1635
1341
4128
8166
4010
668
4755
1441
3271
6421
4125
7468
6702
7701
2512
4157
7301
5424
952
571
942
1596
6783
5982
7873
1051
127
7133
55
6784
222
2252
6625
6425
3999
1660
3255
5968
2208
4497
700
6710
6395
7583
5531
8195
786
7593
4841
2625
7274
74
7838
610
1349
4203
4603
6439
736
7095
7342
6687
2770
5047
4827
1645
2329
5517
4887
2888
5168
79
3510
8030
3853
4709
2082
1783
2443
7842
2670
1336
120
6338
1422
2946
4119
7690
1678
789
1378
598
5124
4278
2916
5873
3763
5770
3807
5825
1559
5122
3249
1092
6528
2776
4118
3239
6167
7192
310
1579
1741
4142
4601
2908
5023
2503
3870
7501
3723
7464
4012
5239
1031
190
4295
5725
4590
2873
7792
2045
7649
6419
3954
6050
7857
7726
6935
6959
596
7471
1825
4679
2236
5466
4165
1127
8071
6138
1944
2589
2200
7855
803
1293
1194
6495
7278
7538
7720
3061
2649
4711
978
1306
2989
3370
2165
4158
2181
1035
2085
2409
7080
5000
2663
3989
2415
3136
1192
6339
5986
2069
62
4533
4807
2700
4372
240
4063
2730
4999
1513
5836
7656
7917
7272
7846
6428
5563
5060
2215
1830
7909
2738
3325
709
467
7113
6206
378
7548
5592
4857
1411
7135
36
3404
6240
7783
950
3669
6488
541
8072
87
7055
1087
5937
4038
5242
7126
1204
3554
3585
884
2307
6434
2170
7053
6746
7093
8050
2714
4453
4720
165
8286
2135
1327
13
5182
8058
6236
6691
594
3012
6749
6157
5657
4886
1754
428
8267
6182
8063
4136
4033
6565
6549
3161
2284
52
2186
6042
7341
6150
4412
900
5348
3557
7629
7786
2056
6004
2116
399
6971
1881
3797
4308
4172
1117
4507
6598
1593
8180
4955
319
4179
2213
5484
5101
4832
7992
48
603
2854
4446
4275
168
4196
5768
4806
8295
787
5153
6878
3226
101
3092
6235
7858
5756
4765
3119
6539
2633
2878
4344
6642
1043
4216
3361
6376
6019
3083
358
903
1304
1476
4674
6770
1374
5526
807
3546
2768
1175
6554
3610
5299
5515
687
5892
2808
3297
8126
8080
8103
219
5072
4043
7502
7906
6186
4518
7962
6712
7986
5121
5074
4557
7297
4321
323
7310
1136
6074
1821
3855
29
4127
7903
5321
8160
5248
4041
2119
998
5279
5809
861
7184
3711
3799
969
703
7298
2044
6649
7736
5646
2157
4442
2461
2054
1666
361
6180
7388
4244
7641
353
6234
5633
1443
1457
1695
1292
7620
1021
1686
1490
6011
3435
4441
8029
3660
3260
3028
5404
1236
7197
3494
2899
6246
3141
246
7646
1166
4577
5926
4020
7582
2187
7277
7603
2870
1942
3901
4254
7303
1953
1974
6548
2667
5456
409
4241
112
3129
151
7643
6250
2317
1916
839
1797
1462
6680
557
3731
6999
2726
4322
2118
6587
8196
4129
1728
6620
694
7852
4585
2639
2843
7452
3007
452
6356
5107
4222
7561
3507
3657
5978
4290
1732
3380
2377
1811
2513
7808
8069
2100
2166
2320
5216
2596
7916
1984
698
6696
5859
6779
7484
1605
1536
548
4188
662
1182
4820
7028
5426
2175
1630
3581
3952
5002
7935
3737
553
2041
167
5878
7600
2666
505
2021
6001
7049
8242
8185
2274
5724
2781
6393
2042
943
6201
1465
1162
3087
5062
831
106
2693
6927
7398
2259
7337
237
5690
3830
753
3857
1243
8001
1143
2506
6651
2205
5788
2442
2129
6797
1517
3605
5071
3965
3365
1808
3621
6084
5077
3329
5499
3573
1346
3399
4842
377
5041
583
4957
7578
6168
8152
6582
83
1228
4443
3803
1849
1716
2508
1658
5668
8012
5675
6169
260
2318
8165
4859
2797
2299
2624
7905
4062
1726
1759
1951
103
2206
2984
5109
4925
3836
962
6035
2482
2447
6333
110
2500
5433
8209
1370
2717
166
6915
5448
4500
7862
1947
3626
5497
4989
5303
8091
1592
6459
5818
3166
5267
1775
5509
5326
4578
4397
926
3451
1909
4464
3808
5549
3167
5403
275
8018
5653
400
5412
2006
4669
2729
5983
5214
1065
4684
7924
4915
7990
7014
367
329
2138
6398
172
8285
2290
4856
1823
7291
7647
287
1868
8192
4726
7462
3020
3982
4420
5474
7826
2752
1745
7698
1075
3998
3945
7114
7607
6151
6470
6976
5805
5175
2555
2400
1473
6571
2393
8094
824
5862
5643
301
3360
1011
4932
2569
2428
6303
6196
2821
4901
4075
3714
5691
5990
6092
8189
3996
6666
6895
3854
1662
5405
5605
7247
8003
7558
289
6969
3869
3078
7666
2153
3927
3417
3467
499
5903
6447
6458
4907
3104
4767
4879
6788
2840
7089
8316
697
5975
6108
2275
8070
2627
3577
6854
4277
6324
6365
7827
6997
6674
6590
4399
5624
3323
2449
1998
4816
3918
5787
8154
7339
632
3819
2333
4498
5835
69
1497
1248
7867
5158
4132
3781
7624
478
5482
5547
7136
1093
6583
6477
2465
265
7996
2815
1725
6995
2483
414
2172
3089
5658
2141
6487
7590
4739
1643
5564
2790
1471
4580
7901
4510
210
8256
7918
213
2657
1651
7178
2088
7971
4610
8216
484
3633
6031
1740
2238
5782
4488
2978
3545
5232
2140
1489
6190
5200
4059
5442
3425
5507
3747
1619
714
5088
2343
3871
150
5810
2248
5546
6792
3509
2457
4983
1975
6291
5838
410
7772
6872
2438
704
8093
3210
5912
235
7294
3542
5333
5011
1108
3060
941
8280
73
7706
5661
7963
3147
1494
7343
5534
1521
3024
8102
6051
2902
6850
4598
7737
5084
3282
7038
4783
4090
2158
735
1427
8119
4407
1965
6529
1969
1612
6584
5382
7319
6870
7981
7777
7201
5554
6585
3008
4593
2505
7124
2128
6856
3114
3934
412
4851
3508
8047
3804
6847
1438
5344
2301
1900
5181
5315
4678
2433
3505
2889
1131
5989
6730
2171
5005
793
7457
7980
170
6461
4085
4966
2804
1527
4471
4668
4163
6272
8309
4220
3049
4814
6468
3751
1408
6631
5004
7372
2425
4016
529
2575
1016
491
997
5316
6361
5734
6867
2713
3950
7173
6378
7539
2276
207
957
3336
6599
954
2799
1545
2600
3031
331
318
6693
6780
1847
2599
6948
8199
1932
3735
131
8089
1743
5543
5806
7225
3890
3419
3678
6021
2764
3185
4219
3001
7387
3691
7802
6812
6181
6765
6441
1539
7579
7287
314
5987
354
3135
7170
3580
4303
3550
2874
1623
7245
6851
5560
4483
6139
4111
4333
5308
5138
4272
6063
744
1013
3056
6968
5065
5687
4749
1472
4297
284
3893
1867
5209
303
8130
1032
6566
3455
4913
581
6090
4532
4991
4320
141
7139
5489
1722
6437
8107
325
877
1297
2464
1907
6934
4263
1310
4304
963
6508
6757
6091
8136
2778
324
4911
4391
4549
7052
7189
525
4891
4431
7970
5959
7128
7733
2546
1366
1502
5297
6328
7601
2865
5927
2543
5535
2221
966
7978
1807
1840
2032
6679
6171
3619
2486
7365
1486
1078
6222
249
2342
6842
3430
3753
2273
604
7765
6068
2592
4725
6137
7485
6921
2413
7566
1188
2434
5663
2795
6463
501
7226
3622
910
7563
5176
6427
2448
7529
5746
5166
8131
2095
3309
2593
7700
7648
6796
7877
3388
5221
5309
2390
2204
821
3358
1568
8307
7912
1282
738
5574
4789
6134
43
3424
4227
6411
7042
1615
1324
1387
4226
5420
5307
2487
5439
5042
5934
7115
3196
4978
8157
5371
1147
4642
2929
6309
4197
7979
2511
449
6002
816
3075
3736
3589
415
3617
3033
1034
6391
7177
4475
958
7696
6497
7463
3242
304
660
3215
7552
490
4786
2332
44
4294
7004
5187
3537
951
7005
4167
3214
2911
1543
6578
3446
2441
3620
7248
4620
5271
5705
1033
7697
5106
2121
2240
4606
6852
5820
6247
1196
5589
5006
227
6576
5100
7492
6932
1628
7822
2970
2796
2216
5385
3118
1785
7959
2819
4564
5369
5203
3629
1224
7606
1828
4592
5226
3064
5258
5055
3805
1167
7562
6133
3258
1238
5472
4189
2367
4865
6126
2341
3655
5654
6681
3099
2015
2842
8171
5625
3766
5949
1690
4869
2829
3423
3931
6568
2226
67
7732
6399
1865
3250
2618
4291
6527
5287
5699
3237
4024
6962
2224
4014
2974
1148
7430
7500
3824
6713
767
5581
3983
4570
5222
4082
1800
2489
7409
6233
3586
5459
3947
3453
7746
5921
7767
6840
4091
6880
2949
286
40
6360
6804
2033
3977
5236
2034
1991
722
4013
3349
7182
116
5108
6473
307
6639
3003
7270
4074
3500
1072
5228
6320
3310
2488
6143
6618
7389
5620
350
929
5145
6758
186
1426
2102
4449
493
32
1544
3240
6070
7954
223
2765
5464
403
3521
5702
3756
7713
8240
2406
7304
533
5985
4045
3519
3443
8104
6446
1839
2296
4332
8045
3600
5920
578
2904
4860
2309
7123
2582
4247
3543
2173
4110
636
7714
1713
2291
3481
844
1569
3642
1949
1409
5647
2388
4947
4026
7312
2124
3090
1045
779
2470
6665
2525
6314
7327
7957
7543
6607
1622
1081
8153
893
2590
2687
828
1550
1095
4704
4699
3180
1329
5741
914
7234
7774
7448
4628
8174
4209
605
4195
4061
5324
6440
7801
1401
4906
2000
6575
6727
1181
6318
1786
5465
7653
3326
7937
2155
6706
6828
7385
7634
5612
1697
1223
967
6216
3151
54
8162
6049
5082
6106
3418
498
6452
1406
2059
6368
2957
3648
3841
2431
7396
4362
7709
1261
7622
3206
519
6444
371
5395
4615
50
6490
2328
5696
1683
6486
607
747
6534
4683
3822
5038
685
5205
4470
4723
2098
1214
2523
981
4437
2169
5131
4218
3907
3759
6485
1731
3991
6161
1566
5126
800
152
7166
228
364
3041
3067
124
4766
938
156
238
6695
6330
2848
4086
2740
4975
6839
7748
4148
7542
6258
5922
3707
713
3113
1739
3922
2574
6154
4105
1183
6761
1023
6300
7664
4015
1358
1826
2316
7913
3375
7660
4794
5360
2898
1814
2499
2580
2383
2209
341
5417
1764
573
863
11
7753
8052
2104
3683
3860
4338
3767
1864
5790
2192
2168
617
5868
3730
4274
7889
4682
2545
3552
511
2724
4174
5206
4160
7477
1027
3590
7148
7256
5411
3668
8244
6007
623
3059
8145
5081
5714
3191
3548
6940
3534
1806
947
1978
769
5478
8308
757
6326
7326
1852
8040
7410
1789
7404
3338
3462
221
7712
6041
5609
1639
457
3640
7672
4369
5212
3137
2723
635
4889
5557
3433
5173
390
7769
4881
7695
2647
509
431
3921
1495
3070
7419
6012
2955
241
7872
1904
5132
1325
3011
5048
5966
4742
3733
2278
7456
4044
7929
556
920
3815
7832
7354
8078
4342
2380
6929
5784
4522
5829
2201
5881
5129
6431
5044
395
427
717
4106
4852
6193
5211
6601
3160
2999
8284
2906
6045
2108
2705
2812
6093
8252
7623
691
1110
1393
4941
1653
5902
4494
2013
7262
460
7100
1315
1070
1071
1185
278
4360
5143
8246
3082
3117
1012
8156
51
3030
3933
6160
4727
3749
3054
4909
2690
775
7461
1929
2553
536
5436
7686
4394
4204
7146
7925
179
5284
4616
2446
2737
924
5097
2706
4888
3570
822
6574
7311
4949
2092
7325
5009
7496
1762
7610
7803
1410
3308
2953
8310
4918
75
5286
5184
2784
6094
3959
1461
7621
520
4492
6956
6392
923
7117
6478
6184
6798
1553
1701
5389
6844
1141
4259
7036
5917
3115
3143
4078
3979
2338
1621
6659
6982
195
6708
5566
4956
1750
4427
7608
3504
2460
3985
6127
6667
4036
3681
3680
7854
4652
7764
6756
1063
6059
1099
4084
5162
5767
1973
3741
3937
6263
5692
1871
363
4452
337
4191
1820
4921
1145
7101
3155
2679
7022
4977
5449
3575
7071
6960
1383
5816
7122
6406
1326
808
1604
1598
5962
4970
1700
2847
2825
6221
5201
5213
6729
4635
6886
2634
7015
6465
6105
6387
5273
516
3524
4071
5693
4480
1024
1711
3791
296
6382
8222
987
502
3693
5304
4
7392
1433
7282
3073
7820
4058
2617
2350
5422
6643
1853
492
4884
6636
7203
2502
5423
6904
6661
3110
5230
5144
3172
4495
2109
2651
6482
5265
1178
2188
8044
2521
7380
4326
7003
4792
699
2857
5118
2720
1983
2802
1999
1466
1368
1060
5715
6994
5170
5351
1225
2742
2896
5780
1206
1782
7147
2247
2901
3935
3958
3490
5510
7694
2548
4363
1390
333
6516
1397
1469
4384
1061
6165
3859
2435
3496
3761
4758
2787
4831
3179
5963
6121
5819
8258
7942
1307
3311
2884
6082
3441
1038
4803
7317
8193
7289
955
1834
2518
6866
812
45
3019
1112
3925
1360
6166
123
2485
4261
268
4430
5174
365
5330
1146
524
7657
7941
5644
3184
7420
2959
6404
7976
4482
3006
897
7997
1094
522
1827
214
8238
3881
6295
3276
7104
4210
7313
6053
3975
5033
4945
6077
1253
6067
5454
7798
2422
4702
1817
3457
6873
3235
7368
1578
6869
1274
3884
4527
5080
3252
471
1245
2048
5365
860
7251
6335
6603
359
7459
7446
2494
4279
667
8188
521
7030
3145
6787
1735
1052
6853
3856
1957
4826
6251
5931
1233
7723
7544
5576
3891
5718
5094
4248
4597
3204
2803
5275
763
6102
4022
814
137
4515
6205
3903
5058
2391
7828
3018
1364
5091
5511
1776
3464
242
7517
2867
7167
1187
102
7785
5337
180
8076
7982
3588
564
2327
6217
1385
1876
2202
1289
4903
2616
4971
2677
1928
7596
4270
982
2932
5504
6573
1792
2952
7518
2162
3689
2060
6544
2251
2113
3228
3764
4722
2979
5186
4246
518
1000
4670
2972
4438
6900
4052
2801
7008
3705
1781
6415
4516
1591
857
6255
4287
3382
6212
5969
539
3448
4416
2079
6735
6617
2998
7534
3390
192
369
7412
7174
1824
1003
6714
8054
1273
5951
4574
7418
7078
5483
4051
198
5830
673
6741
6791
7150
7896
6198
2382
5867
4099
5408
6241
3320
3387
1699
5416
7064
7210
2463
5659
2935
993
7056
6323
3108
2453
3454
2814
3334
5762
5723
1020
3780
3198
7811
1335
226
4161
6351
7474
4963
3053
3612
5766
4168
551
419
4403
2061
5758
4882
799
6153
675
1132
7508
6043
6953
6537
1993
2091
2029
5911
5291
7218
6248
6942
6103
352
7186
6939
2571
6000
7964
1758
8237
6910
1813
6467
8115
1724
4473
6751
3663
5945
3625
1721
2397
2610
2270
3076
8039
4005
2746
8057
2597
1480
3868
721
7086
3530
7214
7156
2266
3627
7054
6066
710
790
3916
5361
3275
2939
85
4897
2407
2396
3105
1014
4818
2606
5017
175
8186
1943
3861
4512
2504
818
1122
7223
3583
889
4839
5340
204
8183
2712
243
6877
823
5950
547
1416
2782
5807
1161
2233
5261
2289
1436
8061
4572
3234
2964
3878
5797
5059
1940
7307
4836
3734
3035
2444
3795
4905
5732
6800
3703
199
2591
2062
3098
118
5312
1179
4892
4147
5127
7480
937
2310
4083
4520
2914
6826
4353
3788
1708
6316
1257
2805
8123
1314
2019
5399
7711
6993
2754
2537
873
7779
6483
6535
5630
1126
6056
391
2982
4103
2602
4417
7851
417
1835
8274
4392
7140
1961
3221
5149
868
6131
211
7504
2756
1244
718
2372
3603
8027
1056
5840
4182
8247
2345
935
4634
483
7848
3456
6122
6445
8250
3608
2699
2692
394
1133
6474
455
1769
2364
4268
6743
4424
3533
4646
1586
1460
894
7265
4719
7221
5608
4478
397
1816
3616
4319
1232
5886
1200
6410
6624
927
1271
4037
4159
3371
4638
3872
7569
7175
6951
5727
8179
1580
7131
3280
531
5709
3400
2885
6838
5720
1703
3120
6315
2708
6875
1265
3746
7451
4155
8110
2578
569
5852
7829
1915
6501
7734
3324
4285
2572
2962
2311
5839
3368
7276
494
3272
2985
7213
6802
3611
3377
7045
7217
972
2055
4819
4198
5660
6777
8290
1267
3366
5353
5955
6260
482
2608
3943
3709
1570
4181
3783
5406
1736
8235
332
2682
1715
3938
1428
508
6843
6941
2528
7618
5552
3774
2261
3697
2313
4292
7768
1990
7391
3645
5008
4004
5915
3263
2839
3395
1276
5003
4849
3773
3187
5355
5518
2862
1263
965
3339
2323
644
2403
7353
4623
999
7536
3926
4902
4640
1661
2516
4976
6072
7956
7797
6937
4985
3202
3130
3124
2369
251
497
5538
1212
1002
7705
3176
2263
728
1952
6857
6945
5611
8065
3843
5760
8226
3341
2312
4744
187
1037
183
4455
4673
3057
5096
5752
1753
3398
7863
4675
6785
1526
3644
2183
1220
4323
3189
4556
4316
4309
781
8062
53
7473
1546
6243
8289
5772
876
3002
8190
1262
1413
8053
6737
5069
4289
7413
4665
7347
7151
7681
3429
3378
6711
2195
6355
780
3182
6366
7836
3565
393
7574
1749
7444
489
1116
1361
6023
6304
2838
2389
59
3835
7006
3279
6033
7168
322
4799
7750
1394
2897
1588
1977
1484
8074
1396
1880
6911
3806
1300
5192
4097
1744
758
4931
3461
4151
4868
4476
2160
5224
3923
5481
5257
6008
8219
2653
1966
4481
1202
7969
2938
5177
5905
3917
3957
4273
434
2510
5253
2868
4432
7345
1730
3834
6396
6498
6645
850
6943
5345
1576
6218
5781
3911
1616
1689
640
7939
3814
7633
3702
8141
7965
413
4924
5049
1557
6859
6028
5600
2834
7280
2230
5942
2217
909
7897
1256
939
6970
1679
3364
2577
6179
181
3518
7591
5771
2903
6456
6336
3493
6046
3109
6117
4175
690
1279
1891
42
3973
7708
2235
4359
782
4762
6357
1270
1309
6
6503
7885
7977
5057
1445
2992
2976
134
194
7961
16
6175
7263
4194
178
5223
3540
1906
1632
7506
3547
4539
4824
1565
5295
4378
5785
7379
1500
8245
4778
5639
7016
1693
4627
1015
6294
4779
6536
6885
8097
5793
7102
6187
3391
4703
7589
25
5904
466
3632
2280
334
2136
2688
5722
6146
3800
7716
387
657
5135
1432
3465
1312
4395
4649
3175
7662
7638
2686
3229
4094
4588
3701
5928
7204
2732
7041
766
6203
2695
1419
4451
692
7773
664
305
2643
8007
2697
8297
7849
4298
5906
470
4964
270
1939
1478
8241
3270
299
7549
3212
4284
7309
7107
5012
3789
1184
7377
2994
1878
7515
3362
616
4734
4231
2733
6420
6776
1019
5479
2965
4936
1524
2875
2348
970
1927
6899
1930
3437
1875
6808
1333
5451
3314
3528
4948
3285
8
5410
3022
7545
5801
1482
7067
6273
6795
171
2167
5329
7211
921
5137
461
5991
3776
792
129
6034
5486
3322
7900
5150
875
840
7584
2246
4781
6310
4811
4575
6282
7116
3111
1959
1778
4835
294
8184
6936
4691
5763
2564
7655
6327
4007
3758
3483
1948
5629
3652
7557
4979
5737
2466
6521
362
3823
426
6188
702
1381
7299
7735
8288
1958
1005
4650
5525
6581
4950
3273
3905
4998
3587
684
4701
4733
3974
6435
7505
4939
1066
5872
6980
4608
2039
7628
5628
5676
5995
1163
3858
7302
6871
4917
2956
4404
5616
8251
892
2351
2268
1981
7604
5039
1142
7699
2983
2791
5567
5774
2286
6104
3968
2477
6675
6633
6256
4183
2148
4166
7026
1972
7632
1435
1844
2893
6654
4116
3188
7158
6700
1856
2228
4795
5045
3217
6208
1691
2293
4959
1555
614
2115
3158
5677
6824
4517
2853
745
7682
7240
6178
8099
3561
7512
1804
6612
3100
4773
2339
5498
348
5542
2866
217
527
706
6991
6016
2040
4916
1085
4639
368
1475
1186
1444
70
346
6481
6266
4667
6297
6064
6124
1308
6531
6209
5670
4240
300
5708
656
683
4664
5632
7741
586
230
4599
4390
5247
2272
2619
6894
1189
7232
4880
4205
674
851
6555
3470
6862
2533
3876
4314
932
4315
2731
2945
4997
6922
3725
3866
2450
5437
7436
5804
6267
2271
5588
1207
6397
4143
2822
1902
2704
2068
5848
3527
2745
5035
961
7440
6833
7859
8022
7719
7212
2094
3568
7751
2736
659
6408
91
5823
2105
5325
658
8081
5512
433
1810
2615
1268
6553
1718
2798
3142
7032
5016
886
3910
3929
6887
628
7169
7433
3993
1129
2053
3312
5889
6491
4940
5066
925
6950
7209
2458
1455
6109
2161
6065
7417
6830
4200
4810
3414
7127
3525
7255
5076
3564
7356
3637
973
4587
1137
1590
3261
534
4069
5256
3792
4343
8208
1869
3670
6301
5685
7950
7338
4986
3676
5037
1812
5288
2626
809
1508
3607
7308
3047
6321
3004
6613
2532
306
7819
3397
1656
5508
5537
5501
4845
5171
349
5429
1386
3267
6500
7806
680
6279
6655
6701
1069
560
1423
1074
22
5188
7850
6614
3411
3296
6541
2944
846
4987
4624
2424
2398
6517
8176
5861
3503
6961
3238
2335
1649
878
5946
7513
4740
7577
3717
7293
3034
1747
292
6602
3902
940
1215
5688
3708
6518
3838
8277
6891
7011
6017
3233
255
2440
6148
5580
3821
6047
3601
2844
7449
1912
5981
1208
3882
202
805
3628
1509
3284
4386
2295
4257
1833
6054
5798
5368
2921
5516
1059
6807
8073
2120
5541
6688
1987
7349
147
2920
3770
64
5891
7509
6774
4993
630
2753
5146
8120
2623
5198
3438
5262
1001
5120
3864
5711
5832
4365
3967
7815
5778
711
3046
7576
4336
8101
4890
6081
3066
1919
1892
4900
4425
7285
7185
1278
1156
5468
880
7794
7467
7489
869
1933
2715
8000
5648
3646
1908
4173
5319
256
1088
2193
3688
7219
1704
39
5831
4658
4113
4619
4626
1533
2462
1575
6944
2761
829
6896
4926
5759
4636
6647
7497
6119
86
6015
1719
6634
2980
4415
2671
4908
3754
3408
7866
3146
3452
392
1599
2971
3410
4885
7072
5640
6611
5851
1801
6071
4992
4777
5043
7239
537
7592
2366
3549
4563
5887
2067
4462
6372
6520
4775
8128
5172
6519
5562
4741
1453
5366
984
720
1174
8259
5453
6210
1613
1688
6245
3930
435
5729
3121
6663
1618
5469
3817
5357
1641
4567
2586
2363
7051
266
7597
2190
4422
5446
719
2652
2394
252
2099
1784
1097
1671
6605
7994
2943
6672
2269
8036
4565
7784
1104
4034
6334
1264
5386
4930
4545
3262
4866
6902
4813
2672
6793
5383
2223
3471
6329
5313
2287
8139
4258
1388
7805
320
6163
785
3169
5260
3828
3153
7039
8118
5544
618
5029
5310
1633
7856
3213
8068
7058
35
3948
7231
3447
5463
2779
169
754
5237
7721
1493
2298
7532
1170
774
1477
2106
5402
2257
2526
4756
20
2262
1217
3988
6026
7237
1911
4612
247
7371
315
4611
3716
162
7523
4138
647
3112
1109
1647
6977
4477
994
463
5866
2218
6089
7839
7793
4499
4301
1030
7110
1938
7973
7180
6814
1298
2988
3062
4735
1685
4829
1317
842
3867
7405
7134
7224
30
5384
1353
6778
3787
6073
7482
2349
5980
2855
3569
2607
1923
4644
5876
6641
1954
1996
4117
1301
6697
66
481
4047
4605
506
8020
7762
6963
456
7934
1144
7749
1365
4237
5350
2484
472
7012
2762
3744
6422
4401
7710
960
7386
5245
2196
7092
1231
1968
3264
4242
5026
290
4096
2137
4774
6570
6413
422
8210
1235
4156
80
1211
5596
8137
8134
1860
6510
6557
867
5381
1551
3093
6664
1549
1266
2558
4754
3445
4541
7284
143
4459
5748
1247
65
592
8144
7930
2807
4104
5092
3193
6032
1518
8096
125
7094
3154
2915
6515
6239
666
639
197
2430
2694
4028
4928
2987
5147
4552
4327
7804
12
2675
3562
7663
871
5527
411
4060
3914
1855
7121
2125
7640
8202
4410
5794
31
155
71
1815
4381
6920
6669
4049
5532
7738
58
1997
4651
5684
2241
3551
5704
1890
119
6025
3765
1485
6405
6412
5447
6116
532
8086
6111
1506
3969
6801
3459
7915
4591
2437
5490
6739
3259
2010
7715
5259
4996
6377
7108
566
5190
3132
2017
8124
7554
2139
5979
8264
189
2122
6821
5834
5571
2356
4809
4508
6626
5796
8133
2294
681
7958
6238
2669
1738
2579
6484
2439
5056
4457
3840
764
4419
6660
5334
5277
4236
817
1041
6673
5739
1976
345
7321
2905
327
7991
6048
4528
462
3134
3654
8177
567
1082
4126
989
2096
4491
174
847
8066
3742
3434
379
6010
7153
4641
2321
1403
7789
1407
5586
7494
5907
2151
1280
2759
6098
4331
7599
5133
1456
7926
701
6443
122
1213
6772
6567
5717
3488
7220
1467
6637
231
3463
3862
5742
496
651
3478
6736
5919
1921
6579
8225
7995
3539
3706
5850
2472
2895
4544
2934
1884
6401
6742
5105
2514
2199
2264
6022
4855
5673
5824
4566
7683
7580
4139
5505
7914
772
3219
833
7729
5842
5196
5645
7490
8035
3987
4920
316
6362
1499
1351
7680
6213
907
7845
5856
661
6551
8095
3177
2849
6989
2568
5054
6552
2792
5302
3077
5114
5051
811
6252
4968
344
3801
3623
5240
7466
2471
4445
3331
236
1540
1638
5607
4535
4300
671
4524
2668
1221
7933
2912
2423
6224
4245
2255
6752
7524
7019
7790
1330
6293
5311
1848
3932
7010
3209
7718
5582
1139
4708
7348
1050
4115
7132
4056
1761
3416
5349
3086
2026
5117
473
5783
3696
4134
8164
3032
904
8167
5897
6689
2420
1496
3981
3593
7693
794
4629
5896
4176
7570
3790
7760
4538
2375
2197
6619
2107
990
2744
4896
2459
1382
1705
3374
4984
357
663
7639
5379
3253
3506
3183
5587
3052
6738
7281
5865
7499
5682
4602
8017
4875
2474
3357
5294
1914
7352
8034
1010
8032
707
6858
1903
4065
6450
7031
559
8084
406
261
1842
6364
2937
23
2544
1964
1780
5618
5786
8302
1723
3928
5219
2011
5961
580
7594
7938
6635
5398
5457
8223
4962
7358
813
6370
3406
7453
1702
5561
5189
8262
6650
2074
4596
7429
2830
4267
1734
4223
6095
5924
3909
1091
5650
4385
4633
33
6506
7853
3936
2721
4400
3444
2676
3892
3148
5098
1155
5530
4553
5199
4130
708
5502
7967
19
2763
5606
2436
250
7752
6052
1405
6341
401
1765
5032
6429
6409
689
7202
724
1434
7060
4618
7988
7073
4844
3174
7679
6158
4380
1657
2656
2552
3913
613
6353
988
340
6118
5519
5235
2479
4946
3355
6881
4493
209
3960
5753
2145
1672
15
3138
3852
1
1154
6350
1822
6890
57
2020
2110
1587
1655
2711
4784
5115
5558
3919
6538
308
6466
621
7229
8300
5662
5674
4980
1922
6595
6882
5458
2315
164
855
7355
7165
2562
1637
148
1076
4659
4406
1577
1913
7401
2997
2330
5553
7755
3810
4690
7893
6306
5993
4334
5413
5568
2365
5210
7315
1573
6096
7654
6344
4657
4731
1883
6525
5102
1123
7322
8266
2368
6115
2683
63
3719
7033
4235
7911
6403
1291
56
5274
2566
4583
2093
4995
6718
7018
3710
297
3900
8056
7040
517
4251
6009
6332
1831
1479
1287
4474
382
5495
1534
964
3156
1926
4387
4645
7414
4402
114
3888
6952
1454
5220
8243
4543
1894
2919
3777
7503
1347
3426
6966
1529
6460
3190
4622
6938
2432
2837
7361
6848
6219
2163
2146
5900
7431
6820
4883
1241
1889
4721
3883
4346
7023
7109
1503
4006
6471
641
7021
7077
5142
6110
3292
4366
4042
2180
2828
7046
1896
2741
2826
8033
3495
5751
5614
1676
5266
3393
2557
5027
7402
810
1709
5908
2773
4439
480
7336
109
1512
1114
2049
4377
5698
915
291
7344
2563
2727
2824
1920
5603
2386
5322
1398
3192
7642
8232
4426
2058
4050
8260
2869
5289
5697
7244
3014
8014
5666
5374
6369
933
7088
1198
7130
930
2008
2960
6343
3574
7703
1832
7363
1193
2277
309
3898
5948
2300
6436
95
7617
1602
7242
216
5
3251
5890
4496
7658
6385
6400
5373
1120
5341
5485
591
3831
487
3656
3472
218
7860
4330
1007
263
2560
5999
5407
670
6912
6417
4281
4262
6644
6861
7778
3293
1554
891
3291
2864
1712
1446
4351
4057
4559
7598
1665
7953
7876
6130
1773
5672
7098
1626
1442
4121
1956
2419
7179
7757
4571
761
3793
3013
8201
7013
3829
2973
8213
4324
7296
2941
3205
7160
693
4804
2452
3159
1415
2481
7730
7782
3715
6925
7824
725
6728
5533
4389
8085
6285
4217
6744
78
4025
5994
2174
4383
2456
7044
4067
3102
2468
7488
4632
4848
335
93
5246
7171
4812
2326
1905
2050
4276
6228
1971
3149
7376
7382
7568
1344
4112
3692
2863
5161
2073
1885
1107
5440
7063
6278
843
7283
3740
3984
5635
6348
2739
2346
3420
5462
8265
3844
1530
142
2818
8218
182
6006
4418
6268
3079
7111
7445
7249
5323
476
4825
1090
2585
8013
5792
5078
1073
773
8009
430
4228
1028
7727
2496
5155
3526
1515
7316
7572
6347
5846
2620
2392
7384
5283
631
6794
220
2641
6705
7635
1663
6152
2081
1380
2851
5936
6623
6155
4489
2559
4029
2347
5671
7137
1710
4170
7874
4428
771
3769
2710
8231
2303
2426
225
7645
3666
4797
3971
7588
806
6384
2331
3895
3164
2142
6901
2719
2991
4123
104
3578
3690
6087
5853
4647
2376
6114
3602
5234
1882
7952
3812
1210
7526
3449
4768
7434
2030
723
5218
1748
7487
2940
4221
115
1751
7809
1226
7081
7432
3307
7188
1113
8122
2189
2130
6249
458
6981
7258
2103
4576
2664
4280
1516
6100
872
555
6083
770
5522
7840
4463
7271
6237
3978
748
3017
432
2267
4180
2771
7521
7070
8313
158
5503
5590
6832
3287
6394
6018
6418
4458
7899
2520
7966
791
1498
8042
6731
7241
8206
3904
6876
646
5359
4088
8143
6983
5167
934
2923
6979
3376
4990
2492
6657
2860
2769
6924
94
1159
5306
845
6192
4504
4288
2418
253
6005
6698
7898
991
4595
3899
4396
4927
752
2751
3128
6670
3005
2281
5610
6656
258
3223
7074
4753
4780
1603
126
7516
6505
2344
4876
3592
7763
3762
5833
2665
2655
2222
6173
317
7472
6817
625
5139
8151
1334
2522
2990
3520
8215
5597
3667
7676
4027
5631
4114
464
7416
1488
936
396
885
4253
160
2879
542
688
7009
5441
4120
5895
4757
6099
1302
2718
3244
8028
4207
4374
8182
5954
8114
4340
6846
7864
2852
4171
276
372
3201
5841
3738
5254
2185
4655
7742
1519
4046
3499
6265
7397
4393
3512
2845
733
4680
2587
2421
7159
5952
264
3684
5599
9
6685
132
2066
4318
2922
3236
5593
2595
2302
205
6926
1873
5493
5815
7800
3572
7267
4506
2963
6560
1285
1357
3027
7181
3245
4461
4444
784
6984
3513
1157
5686
5598
7551
6086
3722
5775
7931
6029
512
1121
6849
1067
7152
4713
3350
2182
1795
7059
6407
6281
5855
2660
528
7615
5941
2661
5159
1414
3990
862
1018
1542
8178
3863
6723
244
6805
8011
7370
7831
550
902
2194
1342
4305
4311
832
1803
437
7001
7047
4954
1115
7193
5514
6261
4302
1640
7390
6523
3200
7465
3058
4785
2004
5863
5397
6259
1164
3
8291
5119
6893
4367
3265
7034
4870
6389
7878
4233
8105
2530
488
1470
5570
2149
4135
5910
7035
8055
5015
6860
4429
7687
1040
4465
108
7602
6375
2022
451
695
5869
7486
5923
2876
6453
4600
908
8098
7216
1694
515
2534
732
4250
1692
1757
6864
601
6132
1431
1339
8090
4609
3227
2786
5409
6563
6699
5874
6451
1611
4840
983
2748
1767
6107
1316
1152
6202
3269
2806
200
5565
420
2743
5418
343
6771
206
3071
4953
98
3963
1086
4282
2831
2691
4534
7882
7050
6632
4440
2249
72
8132
6311
8257
3964
8100
4621
5757
2387
3997
4003
4579
6684
1029
5314
8015
3953
2244
4838
6883
1340
5678
2361
5494
2476
1654
495
8037
4376
5317
1042
4531
208
5356
5898
2410
3636
7993
161
1483
2358
6085
5965
7673
2612
654
611
1362
5085
6694
2772
2524
2071
4355
7381
7616
6542
4450
4199
7985
1491
5814
1934
3333
4032
3373
3650
4349
1535
8205
6767
3096
374
6069
7305
4080
8301
6455
8224
7087
7830
6140
6292
6036
5916
1492
1670
5193
4031
2498
7668
24
5156
2622
1698
2785
2014
7334
3785
6835
1585
6720
2604
2305
6462
4177
3220
8234
6298
4873
3208
384
38
3718
4751
7048
3302
7884
1392
0
6442
7810
5899
917
7743
3944
5370
5988
7586
7535
8314
7907
6277
5014
6135
4994
4023
3015
7781
7143
2924
8211
4192
5569
7268
259
1560
1584
6803
8191
2820
627
750
1008
3026
4405
7571
1989
5020
4867
1985
6683
149
2966
7441
4408
1402
8088
546
423
7725
6120
6476
8221
5372
1404
599
620
3402
2951
1659
8082
7374
2080
3889
7871
5194
4853
7547
3431
7359
1564
2551
1203
2977
7814
7559
1899
2203
5090
8279
7369
6558
5689
3809
6671
7740
3732
637
2583
2429
5157
5010
5726
3896
7816
7215
5293
7944
5185
883
1134
5669
191
653
8220
4695
3560
7895
1872
3638
7823
1936
1102
3556
5113
3489
4224
3659
2007
3850
7118
257
7987
980
4186
568
3529
157
1395
4663
3157
996
3351
585
6416
6992
4738
741
7932
4509
283
4910
5390
8236
5710
5871
425
6810
2258
856
5292
8304
2340
7843
3516
7273
6668
1305
6423
2573
6786
3352
4341
3295
2644
4484
7776
1222
820
3168
7744
6906
8008
5110
2225
2360
2950
7555
6545
8278
2936
626
4798
7880
6383
2164
6990
3686
2813
6931
1283
5452
6194
6430
6037
8173
6722
768
5938
3442
8311
4952
4548
6760
7061
2086
5914
5529
5623
4981
1563
4030
3677
3288
7825
1507
2031
3460
8249
3631
1960
2611
7324
5655
6740
5358
272
4705
298
6371
1556
6003
1296
445
3074
4817
7469
3097
2673
986
6559
3772
3604
3956
827
4752
3755
5880
1631
4370
1379
3865
2491
890
6449
3541
8019
5112
3281
1272
4604
2256
3474
2810
1328
5967
388
3674
2900
5619
3942
2689
8270
2554
6653
3779
3039
3094
4256
6075
2285
6331
3743
2775
2535
7943
2087
5019
4958
4225
7260
8129
3955
5243
7286
3327
7172
1140
6550
3498
3609
4969
4582
8113
2046
2282
2359
5318
1589
4805
7075
4943
895
6014
6868
5070
3123
184
2794
7025
5276
3675
2084
6630
34
5882
7
6149
1511
7921
669
2890
1634
6289
3165
8031
5227
5765
5093
6457
5573
4357
6905
2601
686
81
5622
7636
3247
563
4551
3396
6734
5716
4345
2581
5548
853
1356
1101
3301
6816
4214
321
7951
7373
370
2637
3010
4371
3303
3946
4938
5067
402
6337
2501
3827
2995
648
5195
4212
3088
3775
4436
3342
5943
4942
788
7833
1459
5419
6898
2703
1992
1474
1197
4193
3385
1819
3522
3343
6748
2832
269
1372
612
4791
7407
6061
7498
858
7525
8043
7510
6229
6325
6946
3514
1106
1898
3036
3043
1096
3517
1677
3216
3479
4433
4153
3634
7141
4409
1995
2451
4313
4260
530
2961
2353
5884
385
3704
6754
8106
7103
2154
3966
4761
1606
5602
655
7198
3085
4264
6386
3084
7076
4243
1195
3289
888
1100
4265
4714
4707
5638
830
2556
4788
3949
3826
6504
7759
2134
7200
96
2859
2385
2023
3068
5513
7770
1955
6280
841
1729
3232
7677
8276
459
5338
729
3908
4914
5421
4878
5215
589
7671
4252
2243
5960
5487
6897
154
1756
3256
1064
5694
5992
1230
6024
6717
6745
574
4630
4672
3038
4771
5400
2
193
7099
3729
928
4694
2659
3745
2497
3597
4787
267
6038
128
1681
5997
819
2735
2846
6060
5858
835
2018
6211
2003
6609
1322
1350
797
5461
4776
4861
8004
6577
7724
7292
776
5740
2231
6837
97
453
2614
7264
8067
7581
3673
2910
416
5378
7989
1777
5179
5480
5391
3194
100
4100
4547
3614
5556
3848
510
271
3300
5621
3615
6472
2658
5828
1128
2089
6806
4467
558
2598
2662
4935
8281
1644
2539
1594
176
8121
6646
4988
5225
7674
7495
3224
4505
5331
7704
4019
7129
7841
439
5885
4352
4661
7367
7161
6753
665
3492
6532
8212
7329
7528
1562
2414
3321
5052
5255
274
6836
398
7644
5427
6600
3277
7335
6097
5264
3559
1321
7020
4421
7881
1130
5974
3658
6512
2774
3222
3369
4923
5339
3347
2958
4107
1675
1962
1254
3450
6709
5305
1706
2981
2891
6257
355
4144
5354
4035
1234
650
4514
2833
2229
5473
968
7675
5540
2678
879
3476
1354
6489
138
4001
475
4737
3624
5087
5700
507
4154
7927
5738
5679
444
4666
8021
373
6596
2147
7652
2399
5445
1468
448
2709
10
8198
7910
5929
7613
2517
8025
7678
5290
1617
2179
8147
6199
1727
6750
6305
5779
7300
5939
2401
7595
1600
7194
2334
7422
7029
3511
280
948
4519
3122
2159
7614
4184
3721
3045
1620
5001
1510
7340
6254
608
2133
4710
2381
76
6621
4447
2051
2631
4706
4589
2075
4688
5947
4685
5298
5707
2750
4717
3065
2948
2817
1180
1796
5808
7692
1311
7611
7960
2565
6156
7320
1124
2445
3304
2685
642
4454
6125
3832
1363
8148
2549
4681
2702
6678
576
6580
1017
3440
1650
587
7756
1857
3798
7637
5626
549
28
3768
6588
866
1239
6313
6988
2836
5103
5877
4793
6276
8253
7475
1624
293
2758
4312
7394
6172
1367
5585
5847
7455
7162
6704
8024
3081
3491
6762
145
3845
7766
5272
7208
1829
1242
5068
5007
6615
356
7458
6726
1520
7375
918
7530
6524
7228
5164
7796
1779
5822
6629
7090
3594
3199
3023
2234
5270
2881
486
8239
2567
8010
7747
5428
5883
1118
4008
3029
2052
8229
4317
6769
7585
2861
233
4064
6159
5800
1373
4730
282
7886
1946
5028
6432
1449
312
4871
1352
5375
3700
5730
854
4850
7688
5864
6230
2780
4490
6287
4529
2536
3915
6522
4145
6057
4201
6547
7163
3241
6345
3000
4109
696
7491
5241
3257
3811
7922
3485
6499
4537
6790
5444
6892
1151
6113
1809
8117
7689
5435
7904
1083
1077
2968
6957
4286
6359
582
4846
6725
543
3726
7919
4269
7269
1537
1209
3606
8187
5550
6986
8041
4693
6781
2917
3906
3613
4821
7883
7290
7722
6509
3386
6640
6909
634
995
1281
6789
4676
1501
6813
3713
3290
7318
1752
7027
8233
8149
1111
254
1448
4089
3268
6732
1218
7813
7331
3127
1607
5578
5367
4472
1674
4770
4511
4872
552
5018
4000
4053
7483
2954
7470
5165
6845
3042
2975
3317
8272
4211
3748
2576
7717
3649
4364
4796
2728
976
3664
5826
6174
825
6141
8111
5764
4229
3319
8169
874
7667
1614
89
7120
4335
5301
6346
5111
2650
3436
834
1201
1294
5528
5269
5263
3412
5976
360
7426
5933
6546
7097
2734
4843
234
2603
7066
6044
68
1084
1481
6469
7243
4213
3428
783
6030
504
6013
6996
5491
7306
8175
1168
5475
8207
5613
7627
737
4054
8051
2150
5180
7983
3072
503
7968
2850
6589
2749
5104
5130
3458
4808
3820
1025
2993
7788
5347
8026
3315
4728
6707
7007
3409
5320
1841
3501
3394
1323
5238
3833
6766
7017
2306
7984
1009
3335
870
6286
7565
7630
1055
2640
5964
5136
6724
224
6964
5750
4306
1105
5388
84
1682
4613
2788
2131
8087
4002
5591
2529
8059
6414
6884
3025
3672
4140
2540
4671
6933
2191
2009
6142
3647
1049
3515
8271
5789
6658
6809
1036
645
1345
6913
5701
762
849
6561
4919
7125
117
5328
3069
633
4146
5352
8294
2111
600
4487
3274
6825
4137
1979
705
3825
5799
5152
1177
959
5940
4526
8200
27
6831
7266
8138
2374
3591
1451
898
8203
7068
5984
1199
1788
4356
852
3784
945
882
7332
1994
588
5721
6917
6985
8016
4769
1150
6719
2892
1252
3359
5575
5178
7902
4654
4951
2789
3278
2143
7799
5615
975
759
570
2123
777
49
3874
2260
956
273
5559
2674
6907
4017
8204
8287
6918
153
7423
1846
5460
1646
7393
2242
5470
4266
1843
2337
4697
5656
2314
7665
4631
7835
3839
6591
8108
4423
6562
8217
8248
7000
3126
6271
5791
5713
2455
7144
3897
5641
5795
2635
3144
3563
3939
5282
7507
4238
1286
2927
5909
1103
1464
3970
3218
3140
5477
1668
442
5743
8158
3980
2747
6569
4718
6299
3553
2519
1910
285
751
5278
554
8315
1859
5250
3379
1877
7519
8282
6183
6628
82
3685
1389
7360
1158
2354
2412
6388
1950
3813
931
5744
17
7230
2036
2642
2909
6494
7669
3671
682
1299
2913
1766
1836
8317
7057
7605
4479
163
1717
5523
3699
5651
2279
1343
3055
2646
6040
4411
3842
1818
3305
2547
6764
796
6747
6244
4653
1062
5207
7043
1089
8075
8150
8214
8142
4350
6204
4070
2967
1988
6220
7999
1320
6454
2638
7227
7550
1583
8306
6207
5431
4187
6540
1054
389
6176
2475
2493
6275
7780
1636
7745
3367
7812
2841
3009
3254
5821
6283
6128
2609
5024
1053
1249
2024
6533
1250
1595
3595
4877
946
638
1561
1047
4055
7106
4164
4101
1805
8140
6232
7875
1941
5268
1277
3502
1026
1138
3101
584
5249
7731
6682
3972
3596
5075
1418
262
3427
6733
5953
2931
2427
4554
7948
7567
7560
2454
1737
1369
678
1169
2076
2038
6270
4503
7154
575
4190
7351
3469
2725
8002
1837
1371
5022
3665
4283
7425
8181
6227
2783
4169
6511
4079
798
474
7949
4435
5208
2550
565
538
6768
5163
5944
6604
248
802
7861
6586
7450
3021
6496
7406
2027
7235
4536
2405
3579
5555
4299
1068
6191
288
7891
4388
7625
6078
5680
4133
540
4325
3849
1755
7083
3344
1608
1541
3133
5336
2716
3383
5415
5520
2509
2384
1574
6967
6112
2250
5363
376
899
380
7908
7157
905
5450
3532
7928
2047
3330
6526
6782
2628
5430
7478
2942
6928
2177
2872
4581
2253
6543
2887
3131
4895
4594
5036
756
2766
3050
3152
7870
7707
7408
5893
4550
7024
7888
3727
6978
7333
1862
2090
6424
6189
3346
6987
1420
7609
3186
4232
5280
590
6197
5252
5169
1874
6841
3353
3643
1258
1337
4208
2886
4398
2065
5506
7564
5579
3635
7062
3466
7936
375
8155
4122
1548
953
2648
4018
6827
1963
3536
1986
2947
8125
2227
8005
351
6080
5627
2114
1375
4637
4373
4310
6799
6448
6380
6888
602
7065
2877
3752
6889
2811
14
1982
1627
6594
5769
1901
4837
7587
1275
6144
535
8268
4648
3653
5551
2178
3063
1190
5217
3555
429
1763
5930
1845
6200
679
4485
2570
545
6433
5577
7295
1791
1080
3439
4764
7206
1581
2684
1866
6374
3207
4573
6426
3618
5432
61
5755
5040
5894
5251
1400
7314
5817
4202
6062
606
8269
3389
7923
6755
5813
4698
8299
1119
2538
815
7261
3694
196
6312
7199
7844
6358
4525
6616
3886
7685
5932
6949
7400
6322
5706
3847
7096
3243
6648
1237
4696
7818
4912
7142
3661
1259
7435
6231
7631
1171
1794
7443
2823
6818
336
3497
2101
7236
1879
3401
7105
7821
8227
6438
3651
2219
7138
328
4782
2467
6296
3951
6958
7481
8006
1284
1165
7082
5346
2319
7112
7250
1260
1714
5901
4961
3544
4141
2793
4348
3299
479
5595
60
3298
7998
6354
7002
8293
1967
5376
523
5745
2325
5935
6822
1318
1149
3372
4660
5154
746
5053
6349
113
8254
1039
8146
2097
5327
4686
1648
4568
3248
3662
3880
3421
7447
1629
8064
5996
3318
2304
7362
3211
2362
3484
1412
4965
7424
173
3875
1601
5425
727
2117
2701
1331
4530
6703
6226
4185
5637
3480
1417
3786
5086
622
7460
2411
5083
1770
2152
906
7514
6592
4149
8060
4328
5728
7520
41
3473
2043
6479
4040
7164
513
5844
5667
7238
2379
281
1720
7787
2408
5604
6627
2645
6834
7847
454
7817
7253
212
6916
765
1870
7411
615
4102
922
3879
6530
6185
4656
837
2336
726
8292
1793
3294
1377
4456
4414
5583
4093
6367
1022
2755
6974
8109
3837
5455
7366
838
3348
8228
4617
3487
5970
5972
6088
4368
5471
424
7894
2613
6101
2928
5703
5539
2156
1980
3080
4296
7259
5438
2882
4092
3961
1439
677
4542
7187
2816
4230
4732
5918
2757
4692
4746
740
3363
749
2777
6055
1774
3995
3567
7233
2112
4215
4934
2370
3873
6170
6390
3040
3337
629
4152
7670
2210
4922
6379
2654
3392
3340
6363
6215
4790
6692
6145
2232
4293
3994
7119
26
4150
4863
338
1391
4929
6998
4700
2883
3940
2198
6638
5761
1863
446
8127
7330
6930
500
643
4967
6677
447
1376
7183
139
2809
7758
1742
3576
3712
4347
5812
5231
4540
2002
911
159
1514
7511
4502
2926
1058
1571
3851
4048
7651
6763
2907
6136
6759
2237
37
105
4800
4375
3757
5401
4555
7975
2495
2028
801
1772
404
7207
4413
1319
2584
2322
7476
1547
3894
676
3195
3728
5634
7427
408
1945
2402
1552
1931
5712
2490
795
619
2930
1925
1173
7541
239
295
526
715
7205
8046
8303
5695
5281
3116
5046
3720
2057
7947
1684
1582
6903
5116
7868
5827
5665
2681
21
5854
1004
3286
4095
3170
1687
3531
3877
919
887
5079
2925
1219
5063
7079
2371
5747
2308
3887
3016
1558
3163
6829
4933
6242
6608
4822
7869
7691
859
649
215
6262
4077
5300
562
760
2211
3584
3778
7155
7807
6863
6865
4759
5777
3687
730
7350
4864
465
8163
4898
1610
8077
366
1760
7257
3405
6773
1854
4858
2469
1429
8023
4021
1771
6253
7246
7195
734
7190
4523
8263
469
1458
313
7890
5977
2515
5204
2621
3941
7383
6514
3354
7573
6284
5151
443
1044
1240
1269
2531
572
2858
7974
2541
6855
7323
3306
5148
4944
1437
3816
5731
4716
4815
2207
2254
2856
3760
146
477
6947
742
1057
4974
4087
4358
2355
7531
4307
3403
2025
7493
3345
485
4066
6164
386
4894
3051
4736
2001
7288
2636
5524
5197
1895
2542
1135
450
6129
7837
4562
4584
6972
5134
8135
5683
3328
7892
3796
7879
1440
468
2220
5957
514
739
3178
6815
5572
88
7275
47
1799
6965
1447
5857
3724
6027
1838
3356
90
7955
92
3771
544
2416
2588
7378
4937
2680
1160
5860
3225
6020
2629
1452
5377
5183
1625
4354
2722
6923
3976
5099
5064
3486
4486
8159
561
4687
4748
5141
912
5649
203
4271
2605
2072
1893
5545
2800
46
4982
577
6775
3266
5013
778
6823
4131
6975
3413
111
5958
4239
5719
3571
326
5500
5888
4072
6721
8305
7395
4558
4750
4073
4379
1888
5034
405
440
6302
7084
5443
901
6954
4972
6908
5773
8296
3095
1669
7972
896
5073
5030
4893
6319
3103
3381
5845
4206
8255
7540
2016
1707
7775
1359
7254
6597
4124
1288
3181
2245
7754
5467
4854
1425
1851
5202
6039
3468
3641
