4554
3981
1461
4930
5506
770
5314
8205
1607
1511
15
5339
8010
2117
6012
55
7501
8085
5669
3006
178
8119
5673
7324
3086
7005
7212
4556
8244
4596
4949
2079
3623
6052
3392
2758
5490
2585
2853
3039
6267
1592
8092
5105
707
3421
5662
6506
4831
1329
4028
4172
3835
6996
2750
5164
1429
4688
3842
6573
2168
7211
811
4840
2427
4104
2104
7057
5324
3621
3166
2506
5338
7049
7375
4068
5949
5028
7593
1416
1856
4602
7852
6845
5387
7471
5957
6705
4851
2305
4066
4633
4018
824
2135
2167
3584
3449
6527
3083
7017
1136
5357
2355
2016
2574
4078
398
4118
2790
4246
7274
2828
4667
4256
6398
2083
2111
4048
2363
4248
1862
1008
6699
1855
3204
3750
2074
7602
1495
1443
7886
7368
7782
3774
5124
1976
1503
2019
5747
5728
3460
2808
3660
6413
1498
1184
274
7226
3480
8113
3442
7182
7003
1474
6093
2877
6174
5803
2109
1578
6286
7425
2829
7097
7188
680
2408
3538
4032
1955
4424
4133
2929
2000
4982
4221
3716
658
6141
3613
3413
955
5762
6528
7942
241
3771
7803
5326
6131
1654
4382
4111
5675
2152
4373
3775
2718
7000
930
3687
7559
7393
5233
4422
7730
6238
2267
7785
7704
5084
1245
726
780
5902
4052
5493
6897
3956
1847
7544
4310
2923
5128
1818
3437
4943
4208
1160
1551
2438
7062
5099
5616
5804
4833
6045
1481
4297
2950
6786
5997
8160
1661
4249
4916
2863
4732
2210
6035
8218
254
148
3819
7194
2096
8063
4004
7080
2737
6509
4231
1821
5181
2593
3078
5295
7695
4575
4309
4437
3867
397
182
3709
1143
7971
6357
3430
3818
5178
3784
6095
5650
5781
7417
3683
8236
6197
5149
8076
7075
2387
4384
6269
6195
4974
2052
7371
5811
3977
5325
4124
5035
3112
1759
3604
3617
2821
8
573
8194
4214
1584
4053
8232
5073
2065
291
877
2649
3196
1984
6273
6915
4907
3701
2889
7159
6857
4320
2289
6676
4576
1731
6987
4476
6091
1271
1484
3498
2231
4218
7876
6078
2344
2732
1215
4483
3140
4779
4035
2447
5228
4508
6113
4652
1999
2173
3805
4614
6172
3241
8110
4570
5885
7127
5954
6773
1123
7723
7891
2676
4388
3408
172
3277
6090
4239
3356
3423
5979
5772
5386
1822
5038
4154
6128
568
1891
5929
2559
3386
6260
7277
6239
3705
5896
7209
4210
1450
2351
7029
4896
5539
3374
253
1451
3447
1235
6192
5015
3047
685
498
637
3935
639
4510
634
6818
41
7950
6262
5708
1087
5350
2229
409
4442
1970
581
7468
3949
5367
1577
4705
3903
1628
718
6714
5417
6536
1920
5046
1861
1621
419
4897
5977
7276
2240
5017
5267
7991
5344
4658
6994
7438
1340
2738
642
2899
2830
4749
3223
4593
3307
3892
4992
124
988
1342
1172
4629
3271
217
4639
5795
7591
1226
1005
1657
5554
6043
6679
5404
7547
3026
1377
125
7846
6180
7536
2206
1081
6692
7064
4852
2687
3094
6565
4676
2842
3232
2298
386
6742
6266
3637
470
447
2
4207
2164
2481
8213
6018
6899
5606
7149
7556
3793
3827
1171
127
1417
6483
1997
4160
3881
7116
1248
3426
1746
5497
2441
5569
665
8152
7671
4330
4828
2550
1389
4414
3340
5090
6373
184
1908
7405
1706
3615
3416
7009
4114
7045
4775
5327
7830
4399
3619
5536
7553
1804
4912
1921
763
4081
7794
8117
5603
4356
4065
7921
3470
5347
984
6166
3931
5566
195
1491
4953
3514
5537
1284
7923
3684
5405
2544
8198
8068
1785
3898
5130
1839
301
2760
5682
6657
3262
1213
1991
7361
2925
986
6372
6212
5962
3798
222
1421
4396
4662
778
238
309
1516
5905
5642
7787
956
4679
8231
5364
4944
692
4837
2450
1053
8263
687
121
2247
4175
5403
6178
6362
2296
8273
2360
4469
2781
3628
5725
1307
3959
5053
363
3529
1232
1880
6766
3594
1919
5895
5951
7957
387
2041
7884
3114
1154
6215
7407
6161
2590
8048
4648
2656
971
7877
6118
1253
6070
6245
6725
6425
4139
3046
1927
3406
531
3129
4324
2505
4242
375
7741
6458
4051
3934
4339
6247
5014
7402
6659
6162
3737
408
5971
4723
6672
2966
5150
8186
7700
4562
1602
1433
2626
8270
4212
4259
7511
932
5167
1585
2017
6243
6307
3453
5729
7254
953
3993
330
7379
8104
7249
52
7900
3409
4612
3436
4459
134
1826
6033
561
5613
5155
7004
4744
4866
6756
4240
4995
5560
7686
3812
3791
6063
3254
2815
3854
1779
1531
12
4281
6691
5336
4720
2962
1659
2655
7680
7802
5159
1020
604
5531
3658
1996
3839
5271
126
6873
5253
7685
6186
896
8123
446
423
6861
6019
744
2644
3107
5199
2284
5106
1476
4009
91
2729
2073
684
5873
7533
6547
5869
8106
5634
5218
3823
4968
1436
1872
7430
262
3488
1490
4644
4938
4727
5200
4738
4252
1392
8058
2395
3550
1273
366
6819
1314
2230
3816
6321
1133
3752
2780
6799
5248
2436
2727
5825
689
7436
5496
3848
815
1952
3953
1018
2319
4756
7570
3071
5984
2302
282
4881
2827
2896
719
6718
6008
7504
6022
4553
6820
1054
1331
2575
1031
8197
5779
326
3058
3040
5622
3443
1086
1791
6058
13
3165
2532
3846
2654
6393
6909
2664
7265
487
4287
3414
7377
1350
4747
2711
6960
7793
2517
745
6510
6829
2907
292
7780
2288
5991
1466
246
92
2412
350
6428
5648
5308
3154
8215
3411
2629
6927
5746
1137
5252
4047
1201
4547
6350
3801
3316
7894
2401
4506
3871
1981
3194
4606
4311
8260
6798
3179
6074
3366
1820
4076
1188
7584
7223
7705
3113
4789
1787
6589
7243
6416
7163
6878
1127
7392
7660
4109
6281
5401
3157
5250
439
5723
6921
6394
176
4742
5790
1339
8275
987
1548
95
1175
3575
3349
2692
3337
7434
7388
6964
2812
4268
3858
6498
5478
6854
2147
1969
7773
1957
353
3526
3333
233
5595
1479
4326
7073
2851
941
7055
1024
6137
2709
215
5624
4302
5947
5103
57
3590
7854
1052
4202
1425
2063
6290
3634
2965
1326
1665
6102
2376
6665
1134
671
2935
4608
7666
2653
6405
6813
6127
7927
6668
1897
1738
6955
2461
1765
4374
2508
1388
2604
2371
2723
3016
6924
50
1146
212
2698
7365
3206
5418
5007
3807
945
7083
1068
7617
7623
6015
4550
4026
5586
2025
2190
3686
7397
7694
7414
5935
7328
1961
821
2268
1296
6617
7851
4142
2249
3397
5796
6535
948
4460
7185
324
6446
6002
4682
1205
493
374
3654
3957
218
35
6807
594
1142
3141
8302
3638
3974
3722
1680
3358
2794
2852
6935
1493
1449
5072
7665
7409
449
4700
3495
7176
4002
5549
508
4149
5096
2385
3702
4355
5767
4273
5436
7620
3523
1623
5890
1824
5515
3644
5924
3768
6347
529
6170
2202
2007
1108
6339
2361
7088
5284
1238
2390
155
6203
1632
7558
3785
2338
2236
3971
8128
5841
6739
3968
5492
7500
3152
797
6592
80
2752
1292
4657
6254
3936
1982
7480
2203
799
2090
4038
6557
6550
1603
1760
7351
6876
2712
7738
1402
2859
2140
937
4957
5048
6891
3886
5854
2551
2554
2510
2730
3501
5937
8105
6138
4083
1049
413
5703
4314
5684
437
1363
3868
2891
4036
1705
4387
549
714
3556
7453
1225
3099
4923
3821
2075
705
6793
2067
1121
1299
1995
5903
441
5782
8001
3763
1905
3176
6737
4041
5389
4204
2491
2979
5421
886
940
2150
7693
3757
1155
2771
1446
4838
3608
5540
5502
1875
6700
5180
7626
3343
5829
2346
38
2486
4746
7496
3905
5169
6717
7943
4042
777
5241
3290
2227
3057
2836
4232
534
5527
5195
6083
7843
7577
4200
2512
7247
7629
2043
4045
6396
256
8169
2054
4085
2778
3291
4000
4146
5627
6546
2163
2772
4304
4805
6336
6974
6912
7357
8096
4516
1910
2292
2308
6295
7764
5247
6213
6661
5230
6523
5534
8290
7628
7296
4684
1930
7323
1989
1538
5563
4764
3469
30
736
4075
5328
2561
860
7128
1733
371
7315
6348
866
1522
5643
2365
5508
4921
1662
2038
4243
4201
555
6827
6957
8192
4515
4729
6954
2342
338
3761
7866
2056
5126
4590
7735
4609
7024
4522
5532
1509
4071
4294
4886
6136
4755
1676
6887
236
8212
6530
4433
3261
6176
2303
6986
783
2357
3435
7763
1530
8016
1258
1707
2948
3170
7113
7203
1720
5147
1709
4474
8043
5184
3056
5802
2080
4279
3655
7345
690
6009
1272
2102
8037
5138
3865
2633
8266
3880
5989
6888
5701
4847
5198
628
278
3864
681
4877
5312
1229
7273
5259
2315
4150
8242
6346
7760
2226
1293
1741
3504
2174
7432
7019
3911
8143
6175
1102
5036
1105
7514
2220
1042
7241
5470
2373
5120
3924
8118
6885
4669
96
6870
6922
5891
788
6517
5157
1988
2189
812
5503
22
2024
3651
966
438
2411
5368
6649
6981
63
1830
4135
3393
1561
5027
3325
6322
3773
2077
2216
921
720
6518
7290
6041
153
7968
7391
2527
5571
715
5354
6913
8291
5656
5026
4498
4611
5792
1734
5020
6636
7926
7662
1277
3327
3549
3950
7709
3394
6452
7074
3502
277
3011
6790
7012
4991
6036
7437
2749
5182
6484
8253
1250
6241
4092
4112
3274
7061
3947
4790
1317
1611
6580
5006
78
1131
7306
1358
7499
5104
4634
1529
3597
6349
1381
4769
7067
6492
1556
4445
6046
2106
3891
2630
1090
4405
3134
6841
3576
7692
4545
4022
5621
3007
1453
6114
3018
4504
3926
6460
6367
638
2388
7161
5465
8285
7154
7023
7115
5453
1041
6702
4322
477
1900
2394
167
3988
4798
834
1562
3506
4971
5277
4164
1059
7755
6107
6961
6677
5246
1718
7951
2078
2487
2383
4062
6936
1589
7337
467
7235
5663
2468
2304
4069
2151
16
6470
3024
3524
3299
3783
8150
5439
3190
8026
1482
4711
8280
895
442
4436
1242
841
7010
6420
2477
3467
569
3240
7744
673
1349
8307
5212
4283
250
8259
3643
2059
1912
2261
1990
1455
1658
4901
6889
5411
7784
4588
369
1559
166
2022
6225
2035
8258
7909
1884
7502
564
818
5745
2462
1951
6631
4046
7719
4748
4468
3758
1508
8305
3396
7462
1688
4519
7516
8097
2030
4184
5543
457
4130
7374
4305
6366
973
7936
1536
5215
936
2442
34
1376
7564
128
6562
3137
6646
5482
1075
6894
3391
1060
1506
2952
8086
7479
193
817
4073
4467
6746
4592
7552
1193
2726
960
5724
6940
4619
898
7827
4465
5587
8012
2558
7519
3978
3104
1385
3297
1472
2870
7601
5793
2088
6635
3335
5494
6431
205
5525
3253
8301
6838
8072
4582
4736
4447
612
4978
3744
1281
4079
7612
1896
3522
4419
5276
6503
6585
6421
7729
1330
3404
2963
5440
1220
7448
7631
1645
7132
630
5978
5562
4462
1684
3536
468
5112
1940
7079
6086
1032
3921
6042
5254
7975
452
3014
4434
5768
7972
154
1782
3269
6463
7282
3745
3188
2437
5030
5739
7403
8272
5156
5693
7906
4500
5310
3916
162
7160
6761
8034
4093
7302
6324
3123
5075
7120
706
2196
3754
431
2708
306
6226
44
5121
6893
490
111
4008
1370
4803
5196
881
1773
7482
6615
3183
1580
7649
2875
5838
1312
3699
5186
4525
1837
7060
3238
1338
1066
2764
611
6039
4835
1324
7941
1413
1355
7394
7834
7561
1073
4980
5040
6229
4615
8075
3187
6167
6194
602
7257
3350
5431
3525
418
2263
6844
3180
7262
3795
6697
58
2759
8055
5334
1119
1807
7898
185
7210
3725
6210
1236
1717
2579
1409
502
4594
151
2211
201
618
504
6824
5210
965
4094
1223
1932
6214
2485
6774
6173
1694
88
5045
3852
2366
1390
1983
2440
7604
767
587
2081
2136
3954
157
4234
4147
3516
3292
6643
469
2492
4180
1214
5278
4323
2928
1641
7213
6354
6158
3079
6198
289
3662
6597
4225
7349
7507
3537
1993
1228
4358
4501
2886
2678
7269
8184
6055
7598
3727
3317
7537
1328
2345
3224
6303
3884
352
1217
1501
2045
5394
7939
1384
376
3295
3731
3336
1550
2269
4848
571
3373
8053
7551
7244
4994
316
8009
1279
4363
4963
3345
5211
198
4128
1615
267
54
7299
6754
4638
3756
6975
1311
7625
6258
2714
4822
1610
4884
107
1605
4647
5274
7239
8028
1545
7167
1164
3796
2374
7737
3210
6418
1354
836
7352
7222
8018
5601
6851
404
2753
1045
655
2713
1210
7806
4403
912
2430
3311
4177
1594
6662
653
905
4584
5749
6004
7275
926
4070
5290
373
5764
2489
5986
4731
4033
7707
6967
2415
3171
3440
3888
1790
7676
163
542
4507
21
4875
7958
4948
3996
5592
5472
1161
6639
4191
6610
2053
1867
7355
7013
1635
1729
6745
7237
3124
2490
3146
4366
3061
4610
1298
1617
3511
4417
7797
6706
113
1040
4544
2033
8188
6582
1948
1096
1725
3492
5191
562
3162
4966
7058
6313
6189
7450
4777
7395
5807
474
8164
2978
6294
3548
4328
2638
3095
512
1420
1959
460
3270
1219
6663
6171
2281
3076
6840
210
533
3797
479
3678
5456
867
759
3064
2699
5969
4890
1911
6618
4915
7728
4100
1177
3323
7724
2702
3733
7129
8201
6104
196
2474
4666
3252
1570
2433
3156
444
7123
6133
3543
266
7813
6318
4286
4601
6522
8130
7340
1035
4733
6938
4842
4406
6154
4216
6007
7253
3540
7848
5419
4703
7522
4719
933
83
7912
2348
1150
2456
1261
5242
3461
5567
3486
6905
6695
4299
3781
1148
4188
5089
323
66
3622
992
6993
931
6204
7177
4368
132
7168
6566
2048
2988
6826
4258
4261
2673
2833
3786
3652
3008
2661
1209
8309
1199
3264
4230
4538
1327
1046
3109
738
3360
8207
2915
4392
1365
819
7044
6024
5740
3445
2457
7486
5714
5888
2918
6638
6034
1863
4019
2847
4910
4044
6363
2445
3309
7841
1343
3563
5422
8007
2171
1487
6990
1876
450
4776
6283
6130
6414
5280
4672
2421
2127
4448
6933
3567
6601
3577
2897
3201
4661
3226
7875
1929
5827
6106
2354
6983
4787
5919
3043
3581
4934
654
832
677
5564
7779
6932
6417
3017
3980
3711
3944
7896
6656
903
3320
515
378
4317
3840
5070
3380
7993
4753
3555
1922
451
539
1598
6439
2239
4131
8035
3732
3955
5995
2170
1072
402
4303
1486
4895
1838
6965
7505
65
1643
4233
1176
1077
1789
5343
4630
5179
3762
5119
7082
1089
4702
2495
8136
5330
2133
3510
2645
2795
1012
6569
2197
2301
2660
621
781
2740
1405
7914
2522
2754
1670
4126
288
5483
1834
4136
8100
5487
5658
3055
1535
7093
2003
3286
1239
3573
3476
5823
3237
590
7630
7495
3231
4193
7426
5923
8050
430
4362
7605
3101
1414
3465
3843
2454
123
3456
4342
4360
5263
3966
2526
235
7586
4021
4253
496
840
7321
86
18
3463
2264
4531
6381
2087
7640
1563
156
2176
6338
7242
3364
7805
2576
875
4734
751
743
2420
6285
6797
5757
8049
5974
4250
747
1783
6904
3620
862
982
5948
3719
7081
7614
7801
5597
5299
5545
7799
1901
7683
6664
6277
5975
1634
5460
6977
2987
2409
4845
702
5689
8216
1776
4623
2502
6731
6720
8278
4591
1987
2207
4370
2349
5107
4463
2924
8247
5193
5813
2279
6529
2879
2026
3676
7681
6335
3303
6836
3106
2416
6315
4954
5008
5095
579
1013
5430
5707
5273
7318
472
7148
7078
1587
7424
7766
6068
3005
3198
3143
1895
7822
3650
4983
8069
2975
5687
7162
7765
2178
1367
1518
6217
1722
6859
2431
3803
3110
2914
5882
37
7541
5786
3191
2970
7966
8313
5994
6062
6097
232
510
1748
2273
6526
3961
1116
8064
3845
7280
1699
6403
4285
4163
3717
3669
7856
6082
746
616
3554
5600
3663
3209
7034
47
1664
869
6632
1540
857
7338
8166
591
3828
8240
5874
7990
26
4841
6963
4929
4121
1067
1344
6342
1465
1252
5619
8025
5058
7089
6541
5726
3330
3023
2257
4598
5279
7869
436
4432
5756
4224
6223
728
7673
6600
2545
883
7657
4812
6156
4565
3982
6129
1504
2796
5139
5646
5501
3551
7931
6164
3689
4077
5799
8031
1823
5664
432
4105
4272
2185
2183
697
4420
7344
138
6376
2637
902
6274
380
6026
1510
2884
5570
632
1411
7114
8040
8286
5391
2113
1126
1700
6551
2813
4956
6834
4262
5705
3102
6704
4108
5942
3120
103
4502
4292
7637
5710
5521
6788
6971
2001
3029
2798
4319
6884
938
3351
6777
6789
3930
1345
4325
5134
2735
5884
5358
1683
4536
2703
1575
4621
6365
6219
2933
3450
6224
2372
5863
3193
4264
5904
7674
1944
1678
6471
2076
4537
1007
1118
6316
2148
5413
580
8224
2783
4571
7181
2841
2158
1515
5220
2920
6796
4176
5865
7839
6771
2384
4784
7725
2271
3259
7322
5946
4227
643
368
4267
6209
6947
3906
7445
7691
3552
1849
6642
4280
1080
4763
7732
2359
3809
5013
8196
6149
6750
5875
6810
7232
1192
500
6179
7808
1027
4007
4616
4697
762
6448
6472
4344
521
2954
1400
31
3174
2981
482
2297
3915
7077
476
7828
7303
560
385
5830
3738
7982
1681
4034
2023
2223
2029
5797
1107
1618
3855
3979
8179
7172
2552
5618
2139
7506
84
7641
2278
7648
5743
5879
5931
4060
1568
2967
4173
5113
2669
3736
3530
5765
5059
8250
5716
4027
7415
192
3199
4878
4446
8262
7119
3787
5720
4443
1883
5892
6561
1854
7145
4080
6581
5855
4129
4560
130
5272
1565
4677
2225
229
7969
798
3672
1335
5293
1247
2011
3328
2632
8135
2534
466
7111
8139
1857
2524
3293
674
4898
4012
252
3753
2256
5407
76
48
3370
5031
494
8200
5475
7952
7858
4013
970
5288
4408
415
7460
3728
7550
2243
6698
1569
6572
5021
2198
7109
4989
7096
3082
2677
678
4101
5657
3872
5356
3856
2515
5877
3503
5674
108
3041
1480
4604
5400
7369
7105
8274
4750
1726
1048
2721
1816
888
666
1667
2160
2221
5378
919
6817
2542
3089
2685
2316
608
7170
5533
793
251
8277
584
1732
5800
414
597
3092
2807
2688
6594
8248
4909
1629
5303
5852
3535
3378
2469
5981
5577
1356
1625
7373
4640
3033
7934
6196
5133
2031
3257
5152
7650
2142
2898
3751
771
99
5467
1129
2797
2367
3734
1974
4349
6412
257
1430
7963
3160
2519
4879
8239
2242
1386
7440
8234
704
294
33
1222
6762
1622
2086
2787
7026
6860
5209
563
5824
716
5076
2715
481
4999
4449
6513
1470
5667
6593
1290
1459
3119
3484
5313
1956
6142
5848
5396
5148
4692
849
4086
164
399
3580
4194
3713
2584
462
4808
661
2997
2995
3258
7224
7978
4509
2051
2478
6669
7085
725
322
5826
4832
1882
221
53
133
6768
2037
6560
7945
7910
14
4566
2276
1846
4241
7025
2909
5912
3266
5686
7101
1348
5213
5715
2235
403
8170
8089
5625
6252
159
3987
6794
6385
5438
6139
3338
541
1966
1644
435
3592
6230
1557
5304
3108
8147
5952
82
298
1156
1796
7327
2114
2566
1560
2888
5677
3544
1888
300
2536
4095
3626
2050
4063
3844
5791
2595
5137
7339
6866
5660
6591
1593
5077
7543
2855
8000
752
7632
4722
2396
1640
3202
7463
8002
5374
5604
1017
3375
784
5574
7580
7652
5051
6268
8033
8227
4534
1241
3485
827
6763
1840
372
5776
7086
6500
7313
6943
6499
2516
2838
6906
6751
5282
505
6489
2219
803
3723
4942
1362
5822
4521
4708
1457
3400
6782
598
3641
6892
6784
5548
7279
5678
7252
7087
7684
3591
5454
2250
3541
2254
7526
6645
7882
3820
2004
7372
7619
4450
6925
922
6728
2786
8283
5956
6916
4415
209
5750
5175
1836
4255
1893
7346
4774
1141
4496
1812
4425
3117
2084
5317
2324
1819
5573
2021
1398
2839
2370
245
2818
7618
7197
3222
101
3666
5332
2039
3407
7103
440
7534
4694
4348
3038
8211
3712
6493
6931
2943
255
613
861
4365
4620
640
7573
5770
7885
8159
3148
2856
7354
1316
874
6016
36
6715
7713
2969
4625
2694
269
5057
6835
5335
4090
5216
6622
918
6075
8024
5003
2861
617
7587
2188
3940
3811
6319
2775
6879
4477
4491
4824
320
1651
7072
6722
7721
1319
8038
8189
4495
4853
2843
3228
3967
7309
6847
3830
5731
735
1519
1056
8021
6554
5737
6386
5011
6772
3933
2999
7205
5980
7512
1026
732
7981
5123
5458
6115
5692
5018
6693
894
98
5730
7917
5958
6619
6038
1757
1230
5054
147
3200
3278
7492
6169
7054
731
5340
5846
694
286
5955
3213
2704
7608
1727
5085
1980
2755
5966
4307
327
4818
4631
7563
4533
5316
3425
4293
3473
1639
3310
2619
3505
4296
1832
4997
884
2982
1933
1145
412
3817
5741
1070
4850
2789
297
5893
2762
1894
7201
6440
1935
2862
140
2260
8292
2591
5683
7983
4762
2609
5261
3772
2792
7332
6419
7066
2874
6855
6848
5488
6801
1346
1825
6032
4716
7399
273
7021
7995
135
5231
2926
5203
920
3991
2543
7930
2601
2330
2115
5809
6853
7027
944
3073
8032
1321
4158
670
6629
6320
1879
764
3499
6542
775
3749
2049
7720
6962
5361
7767
260
4270
5872
335
4282
7754
5479
782
7326
4871
2413
3184
6447
733
2872
4222
8315
6970
1613
4793
2917
7454
7748
4830
7421
3902
1401
5754
4951
7263
6064
873
5226
4637
4960
5069
5129
4153
8174
4376
5933
7221
105
2563
4395
5940
2705
1274
5761
5061
243
2272
3496
6427
6048
2666
4472
5780
5498
226
3667
935
2157
6759
3434
908
310
7774
2581
1794
1254
1596
851
2335
906
4946
5004
2214
1595
2607
1803
683
4115
240
3279
5898
8017
959
1526
6449
606
4800
3792
7781
43
1967
7967
4767
3857
2217
1167
4016
1021
5849
6558
3242
360
7538
1000
1868
400
62
6776
3216
5911
5315
3131
3648
6989
2358
6640
5399
5457
3365
6384
3941
473
3720
1300
1689
1419
7289
150
4858
3159
3457
3513
6760
2594
6371
1771
1268
6251
1170
4567
6917
6584
2294
7520
7776
4441
1483
1325
1276
6182
1428
787
6415
8293
3962
4518
4810
4859
6687
199
540
6272
7048
1885
8121
4024
3815
6586
3755
4673
3489
6843
3052
3656
3164
3562
1441
2683
2961
4400
3859
6696
7069
2314
4583
3860
4265
7829
6769
6988
5371
2951
7456
5773
4617
7311
7476
6942
8222
4426
8079
3645
6609
5022
4315
7718
4542
5064
5798
465
6968
6473
5862
6112
6451
3632
6199
6626
2179
2470
7597
2312
3388
4084
6126
2060
6735
7922
1485
314
341
4213
6948
1574
3813
6122
1835
631
5116
7220
8257
4993
244
8047
6901
3105
4635
7581
7037
5983
4134
4025
7478
7334
7984
5612
4245
8015
3605
8065
5572
305
1497
4540
524
6495
6025
7376
4054
7508
6950
7014
1656
3539
1186
2756
3281
3431
3800
5938
2282
6181
307
6076
2768
2734
458
4223
3976
2922
3332
5711
5087
5529
2347
1183
3003
2496
424
4713
207
7569
981
7818
5988
4367
7997
554
890
7901
5763
1088
5331
5395
3432
296
1034
2514
8306
6056
1182
6220
3665
6552
4359
2098
801
4760
390
2265
6092
5101
3348
7329
5953
120
5771
2332
321
1735
5735
6604
1158
7164
115
1043
1555
7864
5000
6125
6999
7879
7095
6803
2964
475
2070
8203
1014
1120
4308
6587
1646
6543
2835
1471
947
603
5908
2885
6352
4192
6902
2731
1001
3267
6800
3585
3878
8145
97
5959
7545
1792
1674
492
3595
8052
4726
7052
1844
2095
1547
2616
7788
4179
4815
175
87
2513
1693
7791
3051
7820
6003
769
4514
5283
8134
1434
6284
679
4770
2921
4809
5234
2710
23
6333
7195
5565
3399
4659
1078
5930
7585
2290
3715
4343
340
2971
6758
2520
4375
6234
5185
6391
5544
3964
838
6409
952
5517
1691
3195
5542
1730
6567
2866
6332
2697
6678
6462
6709
6317
5950
5759
6057
7809
5117
7180
5972
3866
2057
6875
6576
3721
517
4313
443
1423
5998
1786
4059
3565
6404
5985
1169
6160
225
1462
6979
6995
5047
2733
4925
6407
3610
3015
4768
8282
570
5861
6685
6001
6862
8108
4856
2682
1576
8156
2934
122
5651
7893
4284
2887
7937
1364
5941
2121
1866
7260
2246
8027
7459
2811
928
1923
3853
6928
3361
5880
6271
3928
969
901
7932
7030
6568
7579
0
1682
814
3790
2722
6849
3937
3869
464
344
3748
420
1202
2906
3564
2849
5068
1130
7092
8256
1379
7196
1851
6647
8124
3030
6148
4484
3243
4379
5976
1532
1762
4174
3208
6612
4171
5719
6101
6163
2482
7868
8264
5041
6183
1950
4017
7530
804
8221
5289
6400
6377
3422
5614
4870
6310
1903
1212
2325
4247
891
8114
558
1799
7033
2156
4237
1544
4353
355
879
1110
2306
7727
3062
5842
6538
5170
2701
332
2018
575
1685
6564
8116
5801
7944
4941
4488
1756
6549
7008
2455
3759
3037
7250
7166
4431
2911
1320
264
3826
1904
7175
5154
6341
7363
383
2840
5599
513
7961
826
842
3990
4959
7312
3059
2334
1341
1071
4452
5550
5909
8042
3185
4766
4945
2205
2222
4082
1438
6602
916
1614
6438
7592
5907
796
3767
3136
7710
1962
833
6926
1915
248
3494
3479
7028
712
925
880
7494
4152
592
5847
3090
2368
4952
2432
7651
538
2959
7133
6157
1936
4664
4622
6037
1675
6135
3050
980
4049
3263
1890
2985
3084
6839
1606
4165
7647
112
5559
6069
4274
2720
19
428
5322
6553
168
7762
3054
3794
2603
6487
5486
7954
7532
7385
4891
1572
2480
7996
7595
7229
7549
4195
514
1244
2200
1368
2061
1006
7293
8204
5363
872
6783
7169
5232
5056
6997
4364
141
4197
6094
2873
6010
3308
5546
8103
1696
4741
4699
7690
2903
4122
145
7654
4685
1260
5859
8303
7902
4161
7350
5135
620
5607
3324
7980
2745
2784
2769
5235
3021
7566
213
3542
8107
32
6791
5636
2940
4689
7150
7756
3849
3983
3945
1588
3379
5652
2650
2350
3031
7795
3688
119
6757
5260
5484
2377
899
1781
1113
7444
7518
2234
669
6494
6276
4439
5275
6911
1906
5856
1294
6368
2992
1690
3739
2878
5717
1234
7
1673
4338
3312
1878
2299
7844
5151
7664
393
5375
599
7947
1609
416
6263
892
1769
790
4336
8245
478
2313
7155
6255
5190
2253
3558
3013
146
4791
548
636
4295
3402
3326
3022
8153
2837
4144
7867
8084
6946
2307
5131
4935
5637
2880
2464
5530
3251
878
5163
5808
5172
6785
2159
6910
4780
7642
7670
2588
6020
2556
3227
2905
6257
813
179
2582
2684
837
8168
2444
5094
1653
2186
5042
8157
3321
3455
4454
2716
2587
7297
3377
976
1058
1369
56
3612
5870
1802
1282
2700
693
4167
1445
6919
5353
1424
3696
2618
1853
3381
6361
2511
7310
59
4804
1366
3578
1543
7974
3697
6660
3322
6775
6434
6764
3181
5010
3250
3158
1943
7230
8308
2404
4511
8066
3010
1507
6228
8080
7976
3897
1571
5464
2770
578
2822
7899
749
2340
3384
3825
998
1334
5079
1091
5837
5024
8099
4475
5183
2622
7965
8142
8074
455
4628
7347
4385
6453
336
5481
4455
4569
6525
5118
816
5901
7985
3546
2776
2667
6278
8137
401
1406
3265
302
6013
137
8131
2801
259
7487
6323
848
2696
991
629
7702
1523
5237
7667
6708
5240
3451
118
5857
772
985
8088
3963
882
1037
3415
5507
6109
8296
6846
5168
999
5136
2097
6474
1283
3424
7070
8193
977
5499
6081
5943
4799
1591
5025
6201
5732
463
6811
3611
2608
753
6650
7467
1749
3765
519
285
7165
7179
2706
3284
4979
8161
7465
6976
5605
2625
7999
3207
7336
5192
1770
4461
1380
7380
351
1207
2953
5766
6620
4574
8300
8081
1977
5963
7314
4140
6969
4381
5733
1128
3474
7688
4528
7122
4969
1939
3583
7792
1418
5659
6060
990
760
3009
1352
7214
3829
3098
6088
2500
1227
1780
3282
4958
7897
4156
4603
2912
1860
7383
889
3002
5961
3081
4814
929
3342
3995
2417
3130
4107
1407
7370
7722
64
7736
220
7362
858
7726
6116
1638
4827
758
6883
1601
876
506
5451
717
3975
5062
5734
6298
5445
7645
2131
3126
2085
6311
6051
6574
4795
7925
2680
5680
5442
6684
7390
7919
7560
2567
8220
1865
7001
1448
4597
1630
6401
2773
7935
2785
6387
7469
3766
2823
3520
3177
1877
6208
2425
5630
5727
3582
1554
997
6264
5415
5266
2459
6914
4057
7387
3708
7786
6611
495
4862
1003
4337
239
5590
913
1805
8004
1712
7675
2960
2058
8265
227
489
7319
6939
6689
5821
4056
6951
6741
1619
2448
5333
2810
6945
7270
7535
6707
7916
5561
7889
3649
6279
3074
5093
2652
3782
7615
4103
6683
644
7796
754
3149
4120
6755
7199
6828
4655
6005
7714
3572
3729
5012
67
5934
6006
3764
2528
2233
1280
4289
4327
3519
3951
2046
2072
433
1898
2320
2393
8087
5108
499
3229
503
4558
4438
7582
734
742
4493
7031
3670
194
1702
859
2564
7435
4950
2165
6653
3657
6065
4836
897
4947
8051
2218
7860
1302
8044
270
2291
1097
1558
7107
329
1313
1265
3301
7246
223
5115
7498
1200
5834
7816
3462
6099
7964
4277
3085
4710
1533
3410
6895
1019
6337
1373
3355
3685
7190
3675
3984
364
3534
1463
6630
711
5348
5388
4182
114
4885
5037
2300
6177
1489
7590
3255
7840
3230
1711
511
2571
2565
5352
1308
7455
8165
2380
6548
3369
7035
6085
5474
8036
152
94
3760
6121
7819
7294
3244
5432
461
6105
3151
1892
5671
995
1426
5255
737
709
2867
7046
2623
4470
2476
1579
7853
4725
7862
4407
825
5751
3879
4401
1968
1062
6898
1582
1695
893
2336
3919
5845
550
2858
2322
5257
396
7472
7382
2765
566
1153
835
4098
2201
7422
6740
4857
165
1666
1098
6481
3382
6325
3221
5920
4752
3515
3674
4771
7215
7712
1456
2258
4817
6165
4117
1310
7038
1954
7811
4524
3847
3027
2832
907
216
1514
3532
6864
2501
8122
5065
484
650
7555
7678
7769
2848
3004
7234
3087
5889
4931
5435
6242
1387
6595
5702
5851
868
3155
4157
5082
3593
5712
7291
2972
3943
7523
2799
5681
382
6651
3028
6821
6406
6953
1139
5384
272
7575
4988
4102
2215
4860
537
345
1009
7090
7888
3283
5078
943
1178
5222
773
1708
7546
7331
6140
5843
5817
483
6482
7042
1724
5251
863
2386
8281
2908
1104
7636
5784
116
4187
4967
4203
6432
2195
6694
2529
1432
2181
3969
2825
6984
491
6124
7207
3938
5052
1395
3294
3882
1502
1620
4155
5434
664
7938
4421
4539
7051
5653
6686
1162
1047
6306
5229
5444
5629
1960
3664
7955
3861
204
2537
4291
526
6496
2674
3746
6603
2941
4557
3779
4209
1979
7256
5485
4819
856
7772
4486
4888
39
1751
7825
6680
2817
3607
1083
392
4151
5698
7218
741
8238
6930
2634
1301
800
5871
4917
2531
4868
2169
3334
5932
6077
7653
276
7358
6812
7646
8219
8254
3735
1216
924
6151
3609
6598
6907
200
7007
5320
4581
7757
3363
6017
3698
1831
1332
8060
625
7775
847
3681
885
1650
7457
6467
3680
7682
1798
8155
3236
7606
8151
4696
4670
1517
7616
3618
5551
2779
4605
8115
6973
7431
950
6193
6497
6655
6028
6222
5144
2132
7824
1946
3069
1655
2498
1704
4683
5928
7447
5787
2002
7015
2321
7845
188
6364
4236
4821
1813
5382
3214
5300
5437
6334
5755
7503
7050
4717
1754
4162
6100
3512
3883
5468
3103
7091
8070
6721
1004
6327
5552
5469
7525
2927
5219
3939
1195
1599
939
1270
4340
723
1132
3808
645
3714
3219
2876
6815
4499
354
6073
5964
8252
5427
49
3339
1196
3942
871
3831
3354
7202
1761
572
231
331
843
7451
6825
5876
5500
5819
2103
3877
3478
8020
4276
7804
713
2938
3770
7798
1534
7731
2116
1600
4453
3998
389
6244
1309
648
3067
6675
6359
6850
1713
6329
7562
8046
5632
853
1437
527
1902
3870
8297
1767
2864
2144
4882
2125
5704
5370
3822
8030
5270
3743
2467
5420
3072
6464
3985
1218
6098
4512
4380
5611
722
5462
6143
652
5509
3220
3318
5092
3914
6485
1873
4357
5202
1151
6152
4096
4695
29
1597
4641
593
1941
6767
3178
6184
4106
553
6293
5071
5832
6426
7572
5815
2283
6867
5831
7583
2782
2362
7147
8154
1886
4199
170
1163
2746
1975
2287
6929
2452
7915
6537
1439
4466
633
951
6982
1909
4976
339
104
2757
7411
2407
4072
1467
2424
8178
942
28
7117
1191
3246
5409
5217
5309
6863
4690
3769
4568
2451
5638
5329
5921
2739
5443
230
5009
3466
6614
6690
1793
4091
6514
224
7497
5189
1269
4263
5161
3896
4088
2725
4251
7837
1415
3500
6326
2663
4589
2901
6710
3889
4932
4393
6671
3885
3527
1039
61
1065
2944
3568
5319
5410
8171
1295
2381
5589
5899
3863
1488
2672
2463
7251
5568
6805
2578
7240
181
6516
559
724
6637
5915
1336
5459
1224
2110
5224
1728
7187
4977
3627
3144
6505
3788
4687
7599
5867
6282
1173
8109
5785
789
1159
3598
4205
3048
384
3315
6
6468
3893
5043
2224
4892
4050
5360
1972
4398
8041
2153
1637
2285
4794
2569
7491
2919
1297
7121
649
2228
2611
4578
2930
917
3401
4397
8294
3545
5748
4043
794
5033
3344
748
2149
3418
5522
2069
7258
139
1942
577
3088
1795
136
6402
8125
4551
551
1710
5426
589
5504
6837
4015
1642
3298
5700
2439
5639
4329
1750
1403
4986
5744
7624
8039
5238
5914
4377
3837
4089
3287
2435
3275
4981
4985
4627
2846
7261
6908
3642
4148
359
6858
5206
6292
2403
6280
7751
4003
8144
8310
7016
721
993
3118
3000
4580
7006
5074
4278
1135
7420
6937
1404
1318
5818
7433
3639
3557
7871
6748
3203
4636
5081
4743
1291
7189
2693
8077
4427
7706
3679
7065
2719
1251
3802
1323
3600
1916
4586
4706
828
6559
3668
2422
2991
4402
3245
2479
6478
8289
1827
1806
6410
6736
7283
357
4928
1612
4345
4331
552
5153
1168
774
4788
3173
4444
6011
5450
6259
7948
829
2568
3433
1315
1117
2182
7892
7643
1764
8287
3824
4759
4973
7146
3371
2449
3444
1947
1924
509
5268
2248
2958
8279
191
2141
6436
2507
2881
6823
6477
81
5301
3097
3218
293
3441
946
3122
5158
3012
149
3305
4275
627
5262
7141
7047
2317
983
4829
2894
405
5783
626
4937
1697
7325
5511
4288
3659
8078
1286
740
6903
3862
410
7248
2743
1859
271
454
2814
2659
7002
7410
1378
3175
3965
1978
1267
6877
904
2947
6476
682
2172
2549
7634
7750
7789
4350
3923
6701
3909
3521
6809
7408
334
7513
3205
3850
3091
4564
242
615
6236
173
6501
4485
2472
5645
3629
4772
2882
2580
7036
3186
8067
3070
4691
2429
3946
2099
5204
3569
8073
660
3341
7268
5789
831
2741
8162
6309
7153
8317
2473
3353
3509
2803
2631
1022
2405
6059
4526
8228
5269
4113
7104
4064
1322
6577
1181
7359
7703
5063
3217
1566
7130
6808
5541
7890
395
8029
2597
4186
5641
6249
6688
1604
1375
7610
6443
6749
5476
3314
5916
1586
7131
2129
7396
90
4786
2573
5868
110
5598
3403
7124
7815
1255
3471
394
2949
5455
8251
5812
3970
7539
1907
2572
5897
5578
5866
6658
7225
1687
4346
5286
2586
7364
4039
1850
486
20
5584
791
1512
5794
994
5538
5736
2989
7633
3999
6712
4600
6952
3972
7873
8255
71
1953
5029
1140
6253
5097
1166
3693
6753
7439
7639
7140
5833
117
5174
190
3900
3606
1016
2112
3918
2208
3588
4123
391
6395
5883
1624
6304
1973
237
958
6423
1397
7711
6770
3777
422
8195
5523
5098
290
299
2598
5337
4332
5236
2744
8149
4718
2900
2237
6218
1914
7401
1797
757
7752
3986
2968
3810
5788
3589
8167
5514
3833
7100
6958
6896
8185
1755
1774
2326
318
2032
2824
5840
2939
3497
8061
3895
2130
4215
1992
964
3313
1147
3329
5366
5412
3359
4543
3132
6599
7022
2523
7568
7753
1581
5176
6147
4876
102
7554
3036
1809
6340
6533
1763
4913
4962
6504
7946
4807
2518
7231
3958
6544
675
3256
2134
347
911
7126
6047
7742
4125
3836
2191
6050
8210
4334
1333
3587
8023
4650
4651
1648
3899
7777
695
5049
1152
6816
5055
7032
5060
3215
8177
1931
6654
2177
6066
263
4458
2643
6868
5547
7740
1889
8090
4782
4577
3145
8091
6378
5769
596
7011
89
3695
1111
4757
4678
1112
6399
7386
4872
6780
4874
6021
6944
7151
3197
2184
3646
7227
3053
7493
6681
5591
5376
2180
8235
459
7412
7895
2488
8299
656
8062
2143
1458
3372
2583
304
2337
963
5519
7449
5555
3635
6030
4492
7638
544
1964
3922
1264
7018
3876
7857
4244
528
2423
2931
2006
1361
5609
8295
954
8268
4099
7611
4645
7870
2199
6966
1412
2932
601
962
6072
4730
6442
5810
870
51
4471
5005
6621
2816
3533
6040
5709
5111
5239
1652
657
6087
1843
7381
7655
4618
7442
3559
1124
4321
3161
5518
6079
7838
6146
3566
6802
1513
3912
3890
4911
2418
7699
2100
8229
4904
2328
7292
7907
6000
4740
2255
7317
1383
4067
2751
1061
5718
1660
7156
3636
5208
646
3
1351
7288
1185
7136
3776
1965
3730
11
5814
4785
7287
342
356
1371
2105
5655
4632
1500
4530
6299
6275
4686
703
7198
208
1742
1246
2774
776
7697
1187
635
5091
4271
7219
5373
6233
73
5023
5342
4561
7108
7137
131
2742
1740
1636
5588
6200
3331
6480
8187
4119
2483
2044
802
619
1753
6459
556
1627
3116
2913
1099
4005
6890
2014
5002
8057
6457
7548
5836
3412
3368
5302
1677
7485
2802
2187
5917
8223
6674
7316
887
3034
1076
7333
8276
5596
1243
2391
3873
328
6044
171
485
109
7489
1633
2946
7863
4473
1703
3276
3357
187
5628
3093
8120
1527
7734
268
2466
3019
7770
2819
7746
6300
6732
2662
5695
2599
8013
996
6787
4481
4926
1393
4386
3718
4371
1801
6248
2010
5471
7987
2145
3060
3989
2389
4839
7470
2499
1986
4030
7193
3128
4975
2446
4527
2895
4166
3127
3692
3167
2547
1237
7142
8082
6375
2119
6159
7883
6949
5967
7284
6231
6540
4996
7878
6382
2892
3929
3285
850
5697
6886
4587
1057
2331
4290
2809
1194
6723
2503
2475
3894
2471
2460
5993
4440
8269
5398
7521
370
1399
2800
4058
3225
5463
6301
7542
261
2538
7609
3138
2309
5383
6445
1917
7398
7510
6814
6588
2871
1752
1539
8312
1542
2865
228
3690
5699
4961
4728
5088
1887
6634
2108
6539
6792
3248
1918
448
7255
4487
5441
6455
5227
1257
6250
2138
2406
5635
4671
1410
5860
1811
1306
3707
855
7874
557
1285
1520
2916
2689
1747
7739
5429
1985
6882
10
3111
1469
7576
2410
1663
5433
3420
5125
1275
4585
7183
4869
3075
7483
8206
2175
1525
3948
4653
1468
3960
4599
8014
3560
5661
2976
6832
4409
1125
3346
7708
3997
7807
4127
1963
2936
691
3306
4823
2352
8093
6111
910
3806
8111
3390
7715
4613
3483
3020
5516
7594
5109
2047
4372
3677
845
3910
7429
1864
7783
7158
2012
6103
8190
5256
4185
7622
4646
4190
411
6625
2397
3973
3579
2793
4970
5414
1721
668
1278
7810
2600
1828
5380
5297
7986
4816
7812
852
4854
7836
5296
698
5820
7887
3454
2266
4535
3671
4668
8241
2392
6312
5927
4137
6555
755
7635
6488
3553
6490
6202
6110
7206
4665
4497
4549
8102
588
1714
8101
4880
3599
6256
2155
68
4933
3100
3163
7200
453
1347
8146
2560
3932
4883
2690
5685
5188
7144
281
1084
5694
5323
72
189
6353
348
2356
5127
7233
2071
7627
4023
1106
1938
6512
1881
3726
8054
5722
2443
5666
70
6856
6980
5447
6221
7285
5466
203
5593
6120
6145
647
5691
5583
6804
854
1189
2553
2850
3682
100
1085
3742
17
6456
729
3458
4532
1103
4517
158
1149
4011
7138
2192
3528
4863
7272
3653
8267
5878
6433
5201
1095
1179
7717
2146
8311
4900
607
1010
3851
3239
7366
7266
2592
4097
5080
1549
4316
3917
667
5143
4040
1949
2602
4654
4813
1971
7911
3691
45
7747
8316
6424
1745
6356
5379
766
4014
915
2658
2244
2826
2378
2323
2957
7768
3616
4361
6237
7908
3362
2241
2665
5032
6437
5881
6288
1028
6150
4429
6132
708
7687
2093
7928
909
2707
820
8261
4563
7509
2005
8314
4709
6466
2937
710
7800
2641
4269
1082
1051
532
8243
5945
143
7228
7264
5610
3419
565
7157
3740
2193
5019
4546
4132
8140
161
761
5428
3035
2540
3153
4257
5392
4430
8003
6190
2902
545
6534
1109
5110
4341
4555
1115
5448
7904
2089
7301
1496
865
3747
730
3063
5187
4300
7236
8271
4797
7063
2686
5864
3913
5034
3507
785
3517
1190
6265
4754
2465
4351
2820
6923
2763
2414
6524
7040
1259
2013
1079
6479
1928
75
727
7384
5626
142
3614
5615
311
4456
6461
5760
7998
24
3493
4235
6302
7992
6344
4820
3814
2679
2605
4198
3150
3789
358
6027
7517
5528
3289
5318
2804
2636
972
3778
1736
2984
7758
5171
4802
543
3887
2015
6297
3694
5575
520
5886
8172
319
923
2956
1427
5960
5298
7400
1038
2118
1842
1758
2546
1249
530
2767
3482
2252
7484
5311
3096
5992
1074
3439
1473
8127
1144
6123
1800
4001
6067
5925
1460
535
6972
4260
2027
5640
7842
4663
4254
1701
6205
3908
325
4919
1608
2671
6666
3475
3429
576
6563
4715
1583
5194
4523
4796
2270
4394
5576
3952
7295
5665
4680
5140
979
7041
4347
4478
7452
525
1256
5292
1626
8019
4899
7404
6871
7524
7152
6652
7578
546
806
5828
6153
4404
4413
6469
5805
377
4924
4031
1692
3268
7905
2717
5775
5365
8045
3025
4378
2857
5221
7125
957
7540
2648
6779
2194
1669
4318
6211
2434
1015
4037
8141
2596
622
5553
1114
1478
5001
7053
5858
5774
1870
1552
106
186
6314
6747
2286
600
8163
4843
7679
586
3288
160
501
6992
7208
4181
808
7850
40
6491
2154
6330
6328
2617
7977
7106
1668
2329
1025
4061
2091
421
2042
7565
7278
7659
4792
624
3920
4864
1304
900
1092
1101
7574
2310
6556
5631
4579
4306
5397
2398
5580
7956
6206
3468
388
2204
5579
406
4074
7880
1093
69
6608
4480
1937
1719
7059
7588
2761
6261
7696
5050
4490
1616
1546
5512
6531
4423
5423
315
2402
6606
1360
7098
5114
4298
284
379
3633
4383
8133
5758
3042
7515
7135
7970
4573
574
2993
7356
1631
4548
362
4435
6711
1808
7973
365
3352
5132
7528
2379
7259
1958
927
6207
2311
1784
1679
7474
7367
7749
4411
4464
567
1716
3080
2212
2557
1768
1231
8056
7658
844
8005
5816
6235
4801
1431
2525
6571
249
2670
3624
265
3925
7335
1063
6667
6648
3376
7771
3673
768
144
1537
3547
5970
4020
295
471
2494
7192
7960
2990
4972
6089
4266
6719
5207
5305
3574
4170
4006
2009
6920
523
2788
5141
4761
7481
4704
7238
4503
4936
7441
6703
5381
5066
2128
2986
6232
1011
3280
2570
2831
7849
6596
3387
2635
5477
2245
7959
4141
4159
7855
2213
5738
2996
6900
5461
206
4939
5424
6031
7918
4217
8284
4642
4735
247
8129
7872
1197
4965
4906
700
6374
5449
750
7821
6119
2484
7933
4520
1263
4206
1737
5696
1422
6881
2613
914
2509
3125
6355
2695
7461
4389
5406
5839
3603
4369
8083
786
5594
2277
7171
5777
1454
180
2548
5083
3300
7989
6080
6305
5285
1069
4335
4905
6360
407
5390
1138
5996
6607
864
2620
6641
1289
1447
2955
5894
3838
7216
3260
5287
6308
3907
8006
4765
839
8217
6616
5688
8158
7110
4849
6117
3044
1305
6508
6134
7076
2589
1925
1382
7949
7043
3395
7300
6422
3398
1464
2910
6429
1505
2577
7596
3032
3704
7178
823
6444
595
6351
1541
5205
3389
5372
7186
3570
6296
6713
2805
5321
5489
1499
6502
2238
1528
1553
6941
7466
2627
3490
5668
8011
7099
2064
2945
1998
8208
1647
5243
3459
5900
8095
1030
6191
3385
4889
968
7056
3142
7174
2333
4920
2766
258
676
5608
4211
1858
2628
7527
313
349
3464
2020
4844
830
1391
2428
219
4778
7464
6781
4482
4494
975
7143
46
5307
2280
2612
8191
651
177
3247
129
1002
4333
6872
4693
7979
1524
2295
7656
1810
8098
7443
333
6515
2728
2040
3875
2983
2123
1475
7823
7903
1494
2883
5679
6168
686
8112
3273
7689
1814
822
5258
5223
6743
6188
6023
1440
6633
3065
5633
5713
5585
7529
6734
5249
2161
4927
5402
1564
7330
1359
1871
2854
696
456
1698
641
662
5844
989
6246
1029
5581
8008
8199
3001
1672
7378
1033
809
8126
5146
4806
5351
1442
5102
2748
7353
5044
7677
6545
1100
7698
3172
2364
4087
3367
1945
3640
5752
7477
1044
1775
3661
2259
7406
1396
7661
25
536
5968
2806
7039
4412
6682
3631
1477
507
27
7778
3272
7488
7139
7427
4894
5887
5520
5480
2028
5913
3133
1374
4811
3491
5982
7286
1157
6874
807
7644
7094
1567
6934
2101
1913
5291
279
7913
367
7826
5359
93
1180
4010
3446
1174
7567
6291
3700
4138
6061
5145
7761
7790
1777
8230
5706
7832
7663
8022
4721
1203
3927
7134
3874
1926
1
3992
7831
6441
4595
2126
8249
2251
978
4675
5753
7118
4624
8226
7743
8298
5039
4416
6465
5122
3834
2977
6435
1444
6397
2209
4893
4903
7814
4410
765
6985
522
6644
77
2382
6752
6570
4987
6628
4572
5939
2562
2533
6507
3234
6155
4219
1874
361
2493
3596
4169
2691
583
7490
480
1337
434
2791
3383
1671
6029
3741
2008
1778
6822
6343
2942
7281
5369
7413
8138
5349
810
4352
6054
7428
2036
6227
1050
5647
3168
3481
8288
2606
659
3630
8094
1435
6358
6991
8180
5244
5393
3625
5086
5944
2860
3448
425
4865
1353
303
605
6408
7307
7600
4226
516
1841
4887
2369
7865
5742
7994
6880
1845
739
2400
2541
6918
7423
3077
3302
8059
7320
2399
2124
5265
6978
4479
4739
1686
4607
4922
7833
7589
2339
4143
2419
609
756
518
5936
3427
7571
1262
3135
8304
6370
6240
6096
1649
5173
6369
547
5672
74
4312
7475
4701
3832
1492
5162
2262
7621
2973
6345
7341
2458
2293
5526
4940
4758
7531
2535
3841
2640
3304
663
2539
4964
1266
1715
2675
3417
3571
5987
3233
7267
42
3904
7701
6287
3147
7305
4649
5654
7613
1394
4541
7847
3249
4189
6014
5306
4834
5806
1372
1240
7173
4029
6049
2624
4055
283
5505
1833
3296
5513
7298
7988
426
3724
1869
3115
4418
4178
5362
2166
6289
6389
1233
427
4390
2122
7084
6519
5649
7929
699
1357
4855
2736
6727
846
8233
6806
6673
6486
79
3211
6383
4914
214
3799
2998
7962
4918
7020
4559
7669
275
2890
6869
2274
2275
8071
1994
5910
5345
1208
5166
4773
7389
5016
7068
5452
4660
5853
3561
5
3066
6733
2642
6379
7861
2747
6605
2068
6411
6624
614
2845
672
4861
429
4238
6613
7418
8176
60
6778
5197
7419
3405
3139
1766
4674
4643
4737
5100
2055
5165
7271
4681
1055
7416
4220
961
5965
5676
5524
7102
582
308
1829
1815
3192
1899
381
2681
7304
2062
2232
4846
2646
6833
3586
4196
3901
1094
4228
3780
7446
7733
2647
792
5999
3121
6053
1204
1852
7817
8148
2610
8214
6729
7217
6579
6144
2137
1288
779
5721
4354
5670
2615
8181
5341
4902
4505
5281
337
3804
3452
4990
8175
6726
6575
6865
7881
4707
169
3189
174
8173
5926
1788
5535
3212
5602
4998
8202
7607
5778
8183
312
2621
3068
2375
4714
1744
2777
3487
2066
3428
2343
610
8209
6795
280
5067
1408
417
1452
6380
1023
4301
7940
6270
5416
6071
2341
4751
4110
2614
2120
2530
2974
197
1165
6511
974
317
2162
2639
9
5510
585
6108
3710
183
2555
7458
4698
2426
5385
8246
445
3182
5990
967
5214
934
7071
4
5495
6852
5473
2092
2980
1743
701
2318
7920
7245
6730
4745
5245
6331
7191
688
6738
6956
6724
7603
4116
7112
4529
1036
5835
3994
1739
2834
1934
3602
3235
3438
4513
4783
4457
6520
7342
2082
2504
4873
3601
4489
2994
5408
4955
1122
2034
4724
6388
2094
2868
4867
5644
1848
7953
5623
8225
6830
1211
1590
7672
6842
5177
623
6623
4168
4826
2893
4626
211
2651
5557
6716
5377
2353
6744
3508
2107
2668
3518
2453
7716
4781
3319
4656
1198
1287
7348
5558
5355
8132
3169
85
287
5556
5918
1064
6430
4984
1772
2724
4552
6998
4145
795
7859
3706
4428
6670
4451
3703
5160
3049
7360
202
5850
5346
8237
7835
5906
4183
5617
1573
5620
1206
488
7204
3531
6578
4229
6454
4908
346
7308
2904
6831
7184
5142
5582
7473
4712
343
1521
2497
1723
3647
1303
3477
5225
6450
5264
5973
6590
6187
6185
8182
7343
2521
1221
6627
5446
4825
2844
2869
1817
6521
7759
7668
7924
3472
805
6583
5922
6532
2657
6392
6216
6959
3347
2327
7745
5690
3045
4391
234
949
5294
497
6084
5491
6390
5425
6475
6765
7557
