3787
1563
6227
7047
4559
4466
4156
1460
334
4332
8282
1278
882
3339
1024
2622
2419
5286
448
8113
5565
7840
2425
4946
6396
2516
747
3099
226
6412
8145
4250
1718
6497
1794
7778
6993
6309
6904
3368
7956
840
141
5618
1815
7301
3431
3227
7833
3893
624
211
7120
2867
7493
2211
5573
6671
902
3266
2190
7075
4852
6093
2138
5105
2824
6323
7805
1353
5629
6666
3080
6054
2240
5371
2187
222
1091
6001
7010
7244
7885
4788
1415
2474
8141
1336
5423
4130
6325
5017
2725
4483
3007
6693
3731
3075
5620
2412
6260
2468
6705
7335
7727
1231
5161
7246
7049
2485
4919
489
491
1673
1259
2913
2957
707
2533
2613
2704
359
1559
2550
5146
7450
6256
1195
7458
957
6157
993
62
4467
5553
3682
970
5898
1477
7686
8274
7408
943
8209
3383
4610
1553
1650
375
3642
6895
722
7958
4709
360
2319
2160
7371
6830
6796
3078
2173
1979
6407
4324
2082
2251
8024
686
2123
7630
1104
4504
8304
6899
1025
5352
4502
1827
6036
6140
4915
4061
5362
3450
1511
2682
7884
4529
793
3579
7469
7464
7168
40
3593
1139
446
4133
6686
6020
2395
355
3864
2030
2758
165
124
1035
3307
743
669
5665
3468
4671
5675
5208
2769
1288
3275
6059
310
3707
7082
1469
1092
5994
1062
5420
5582
823
5662
1043
522
5854
7413
3660
584
2348
5357
3999
3842
1413
1923
3286
4114
4229
5216
1320
5560
5067
6219
8158
2802
5284
6844
1329
6069
4377
2596
7730
3596
456
6651
3326
2153
7197
2170
1493
7971
2805
7132
4778
842
7274
5450
3315
3054
3322
2731
1644
3253
5626
7976
6541
3791
7105
5331
5591
1550
6099
2380
486
850
3301
2650
1253
3874
4449
403
996
3689
4395
8177
1549
955
377
6795
3401
8294
4596
1688
5410
5600
1378
4161
8297
764
6300
3773
5720
455
2306
6388
2815
7280
1470
7848
5923
1222
6684
3975
6361
2424
3862
1334
2581
3527
6527
8006
7651
5135
8030
6101
5491
4115
7436
4216
6635
4981
4348
5324
1067
1817
4240
6954
853
7604
3223
3572
4860
3478
2086
1593
1103
7169
6865
7980
3530
1254
1971
5635
3120
2133
4135
3629
5596
3638
4952
3535
8281
2162
6870
2939
7255
7520
7478
5104
3714
7091
2465
5134
1430
4980
7692
8156
6360
5483
5240
3090
6963
4058
893
2478
2540
3543
1931
2137
4494
6148
4816
4224
5981
6336
6929
1665
261
1922
2973
4385
5894
2305
1994
7148
2169
1354
4183
1622
460
5739
4476
1123
5754
1872
1564
3905
5077
2530
5241
3958
6291
6803
3263
4593
4743
6206
1087
6106
975
7157
5115
1344
2517
7593
7711
303
2571
1
5120
5835
6618
6368
4996
120
1698
7922
5380
6928
373
3217
1031
2366
3234
1977
4619
2484
2379
3474
10
2658
4859
1405
3804
7914
4438
2275
5282
6313
5295
7581
563
2542
5218
6296
649
2134
3005
4829
6813
2308
568
3803
5095
2466
266
3404
3931
1026
2149
3313
2901
5112
6994
3472
3715
7420
8225
8306
2361
4139
7657
5442
4718
995
769
5698
6213
5486
8187
2975
3045
2091
7966
5224
111
6569
6786
5128
1188
1813
1262
4203
8074
1190
1848
6714
1086
5439
2709
600
4268
4350
8082
2245
6980
4811
2401
3110
7921
2171
4896
6088
3907
254
6761
1517
3092
3428
2832
4785
7383
3816
714
490
8092
7970
4804
5116
2042
4941
6081
2367
5685
2633
7661
6737
1569
2505
4702
5086
4686
1561
6000
7390
7873
6079
2691
4232
3325
6247
3305
6226
4406
6017
2477
4944
2730
5977
345
2891
6006
934
2764
2747
2343
5059
5742
6756
6194
6238
6570
1728
4163
2674
2349
1988
3295
2906
1822
654
4230
5815
6084
2113
677
7513
4758
4856
2007
4683
3155
2579
4583
413
5099
2291
3856
3220
1821
2141
1196
1724
4777
231
4030
2194
7357
26
7704
7780
3291
7867
4300
2215
4910
4595
4505
1245
6387
7835
11
6672
6222
7889
5584
576
4770
4697
7370
981
297
5724
5957
2150
7229
1229
5074
1883
5651
1958
6661
1160
7209
3701
4642
8301
4598
544
3188
178
6941
1206
6237
2276
5886
3744
4764
7372
1094
1510
5093
2394
3353
6863
8048
2991
1333
1526
4188
5422
1059
7332
189
2393
4755
4360
38
6499
6138
163
1029
2090
888
1341
3165
5290
5736
4810
505
144
5254
2422
1311
3552
1981
3224
6668
1494
7087
916
1375
1499
5563
6718
1823
6732
6559
4412
7179
3306
3514
4891
7353
4032
2332
3376
3079
8289
1835
4979
1446
692
3257
2556
4184
7747
3709
8077
6973
3473
6613
4220
4214
5183
5049
1215
6496
4580
2508
5996
1177
754
5979
1060
1595
7253
679
2987
775
471
6269
1539
830
1732
7626
4083
3240
3591
6919
756
4006
1080
1373
7803
2813
1844
3855
5319
7839
8174
3170
2222
6545
5482
921
2182
7183
2531
6235
7299
1758
2774
8157
4746
2024
7791
110
4608
1893
3
6915
6896
7098
6607
1268
8168
6992
8298
868
3072
7173
6255
6724
82
2653
4475
193
6201
7660
4592
7623
2737
5166
6574
4211
5383
6243
347
7175
2000
7673
1014
3389
8266
2967
6597
3911
8237
3524
7368
3166
2435
856
4025
6367
549
650
4249
3891
2022
5526
320
6620
5502
5002
1082
5590
7343
6193
1784
7463
1572
3036
3063
2644
4165
5069
5740
3244
2794
5601
376
3737
6506
2167
6225
1183
2587
8292
5709
2405
1903
6791
7639
4118
4776
7147
2996
1498
662
6297
8196
5015
2227
3898
3457
2288
2922
3202
4726
1488
4953
6205
1655
2001
1837
7784
414
7825
2872
2208
6877
3043
305
3825
4928
7187
1802
7354
4970
2325
5731
4780
2407
6386
7841
7973
2619
4178
8097
5908
720
2231
1565
7945
6938
7304
7832
4294
3096
335
3333
5123
629
746
2447
4239
3964
5799
2285
5142
7758
1686
1297
6643
7399
1705
5270
4753
6913
7974
451
7090
6218
5222
5699
2283
946
1538
8180
3869
527
1876
5914
1409
1748
4955
3030
2063
2783
1309
5462
7071
3141
2147
1766
457
1535
1416
5543
3888
3600
1873
5096
7479
3173
6888
6250
5702
8012
7034
2678
1656
1411
8080
4819
7228
6700
1810
3576
2721
1197
7699
1729
7592
2607
5419
3309
3857
7899
6110
7915
3913
3285
5846
1941
706
1574
4945
2212
7946
4120
2096
2172
4967
7282
4040
4707
3371
1662
1036
3394
2970
1734
39
4522
5839
2389
7551
810
1299
7658
1602
4552
3334
6045
2330
4563
7330
857
3752
5716
7862
1629
2608
3267
139
6774
777
2006
867
8065
3174
1127
4554
3069
1648
5488
2546
3991
2844
5065
2256
1219
4658
3228
7155
7160
7459
1291
4802
738
4127
6735
324
2469
6824
1449
5714
4389
2617
5615
7364
4815
4681
7906
1050
4782
2421
7646
4624
5548
1594
6058
2259
5389
2763
6736
7419
3317
3930
1007
8257
8267
556
5705
8200
7893
3398
7999
503
941
8178
1863
2410
5225
3686
6518
3506
2467
5609
6605
5806
7078
7367
6121
5666
7165
5566
1992
5028
281
307
1128
452
181
1543
1052
1840
678
6103
3719
7100
2205
4194
8250
2400
420
5338
6168
795
3602
6572
3515
7392
514
466
4345
1625
3566
2131
4164
7444
5949
7519
1418
7811
5792
773
2720
7709
6744
8150
2209
2641
2193
2312
2098
6141
5052
4978
4637
3336
2972
5911
4022
6557
2787
8022
1787
4633
2643
4550
4099
2129
2785
3179
550
890
1868
924
2871
7484
1186
5334
8247
8079
5308
4095
6214
3841
4886
7178
2605
4454
1881
7422
356
5766
4461
2931
453
6606
7960
4523
2060
5616
546
2926
5055
7476
1738
5817
7978
6965
8069
2365
5725
1377
4712
3204
1141
8101
3254
7701
5501
4228
2432
3561
4555
7126
2654
1628
6472
1351
2027
4888
6535
5700
5180
2254
6619
725
2930
4547
1562
3377
7281
8052
5507
1878
4912
3201
6952
7110
8236
7495
3137
7886
5765
2081
7525
846
4630
483
5031
1428
6871
33
8067
5033
8102
3633
5762
6670
914
2503
7352
7940
6917
4344
7503
6628
3614
6305
7965
408
4049
5278
863
3070
8070
4167
2035
7986
6370
6544
2462
27
2450
5170
5079
1945
3564
6064
2378
1474
3717
7380
7579
6018
2849
3962
5117
5549
2639
3308
4301
4901
7144
367
6971
24
4657
6403
4757
2869
4486
3684
3537
7858
716
7376
3667
3578
1819
6152
5024
3868
1560
6893
7760
3902
518
4166
3749
7003
6175
3884
3992
4273
5677
5231
2777
1786
7733
5259
4286
5169
5643
7041
2438
6118
3751
4337
5043
3994
353
6326
6669
1623
5181
46
4329
4570
1825
7684
7756
3762
4131
4519
2476
2679
7997
4456
7981
8049
6283
6211
1944
3378
167
3232
5916
1964
7777
1978
1032
251
2858
368
6027
2413
1695
4696
2786
3435
6343
4376
3451
6290
5328
628
6562
920
4863
302
1071
4936
4983
4096
2480
7809
1006
4913
7142
3469
8165
1421
4723
1615
6763
7052
1609
6932
2426
3608
7474
5969
6085
3269
1155
3341
2203
4651
8189
180
1394
22
7898
2855
1300
325
126
5704
1246
6958
7557
2897
7817
3858
7494
923
343
1877
6016
5466
8096
4894
380
2502
6091
2452
7042
4197
2336
6338
5363
7438
323
6196
8302
47
1713
1327
2792
8238
6731
2223
7512
3442
4492
2040
3547
6268
2454
1646
7348
7909
3211
4586
4950
1058
2409
6159
1818
6907
6458
3997
675
3961
817
3545
922
1016
656
5083
845
7545
246
2005
1753
7607
6024
735
8172
3595
4661
2862
6466
7757
8163
100
7851
648
3934
7443
2017
5479
1137
509
1061
1858
287
2847
2666
3550
8300
5628
5746
3108
1700
1040
3894
2383
7731
6102
30
6120
3546
2507
3904
212
6985
724
2358
7129
3288
570
3013
6610
5984
6028
4290
4452
2228
645
2986
4528
3821
6586
3963
4613
666
405
7196
1138
1135
6645
5415
1457
1107
3645
68
2296
1391
2553
6117
7609
3613
6295
7695
2797
3320
6936
7174
3094
2524
4432
2506
7324
7460
258
5470
7655
164
8087
1480
473
2116
5976
3262
5602
5540
7389
6674
101
1490
6482
2908
983
3160
5928
2924
7200
5233
8093
4636
7340
1969
6571
6665
2773
6867
896
3004
5401
4366
7498
4499
4107
5088
2473
3604
4382
2224
7900
5335
634
6471
115
5345
8100
5689
589
117
973
6044
4692
4098
3210
4822
4464
5460
5058
3406
1640
5579
7539
2155
3508
3274
7171
6521
7521
6688
5365
7305
5642
5162
3153
4535
4367
351
7566
2180
672
3318
4742
5107
684
6167
4177
3048
8103
2921
1281
4077
4526
1959
5745
4101
6333
4937
709
575
95
7993
6409
3143
7891
2602
5294
5737
3237
5673
8240
137
2439
7625
3395
4501
6446
4175
1106
1476
6624
6429
4189
7017
4380
2538
6424
1425
6560
3035
5875
1365
5520
2945
3879
5289
4984
5789
5018
7046
2273
2381
275
3236
4116
7164
1619
224
1119
1544
5008
1950
7708
3533
6951
5367
3044
177
4112
7333
2015
7847
4748
8014
1207
1361
5783
5405
3627
5517
5196
1914
6083
5129
7337
4143
5645
6395
2762
7043
5037
693
465
2889
2068
7597
4536
883
1113
7430
4611
6892
6543
8059
2863
798
2788
3247
8139
3836
5697
4346
6747
7565
5810
2058
2392
3662
2004
2732
5005
8114
29
6095
6501
5682
5655
596
5238
2796
4905
1502
1491
663
4841
4014
7394
2431
4518
2663
5
3231
3870
806
1792
511
2115
6392
7465
7523
4260
2895
3759
214
651
1536
1546
2573
5968
2902
3480
5649
2526
5080
220
4269
1890
4500
4766
3245
1869
4429
5935
5329
3387
8299
7990
4738
6707
1346
1109
2415
3691
1201
6155
5910
5850
3014
7267
5194
2755
741
94
407
4818
1857
5053
7180
6063
2864
5796
726
1514
6003
1917
5653
2128
5087
5942
4925
6491
6019
2854
3733
7186
7682
6583
1516
5399
4270
1582
940
4537
4581
4124
6837
528
7527
4110
2949
3290
6987
4210
5674
607
1099
4771
4603
5906
3477
4311
7037
4632
4848
6116
7729
5567
1963
6584
150
6926
4962
4307
2918
927
8105
4971
3742
5983
7665
6348
1929
4002
5909
7804
3580
4354
7856
4779
6435
3501
8193
232
2879
2071
161
2888
103
6411
1363
1960
3357
6999
6782
7580
6029
7416
4911
77
6212
3761
5646
749
3867
7763
5545
2142
3587
8091
2028
837
2126
787
4670
1537
8185
4673
6363
1902
591
1799
7011
7058
7289
1829
4155
3152
3342
3670
4823
8167
8045
2382
3656
6007
3639
4303
4128
5512
561
4582
5518
5274
6097
3590
809
6331
2592
812
1997
4365
5528
2760
2833
4934
5220
5382
304
6773
885
2894
1897
2853
7628
919
6365
1034
3154
3482
5527
2107
4289
4974
7122
6347
8127
497
7453
2437
4046
7193
7373
5880
1865
5343
99
1723
179
4629
2300
1995
7822
4783
4951
6591
5406
7417
870
6829
4451
683
3039
5432
2157
788
7285
4153
3125
7084
2008
3526
402
950
8109
2657
4553
4218
6754
3462
2495
190
7669
1289
3168
7489
4405
4926
5000
745
6920
8159
8008
3953
5192
1424
3831
702
2580
6328
2303
839
1892
6868
3551
187
5597
3956
2766
2311
1838
755
412
5791
4072
5798
6050
7134
415
3873
4868
6503
7799
2464
209
6011
7013
7555
2242
7854
4
6614
3162
7787
7621
6221
1663
2376
5072
3329
2178
1588
34
2716
979
2983
284
8004
370
1417
3116
2501
210
8058
3424
449
3419
5476
5469
4468
6242
104
3753
3671
252
818
5556
2453
742
6172
7276
4703
737
5145
4173
4339
1161
2552
8120
5605
1070
4262
5076
567
1166
877
2048
7653
7190
2448
8230
7568
2399
3610
508
8214
7004
2075
3164
227
3041
1545
7542
3612
1704
1075
1606
2515
6996
2974
3702
3971
4840
4899
133
3230
2089
5775
4042
7067
36
5959
3130
7286
6585
7093
3193
736
4067
8313
7435
1140
4994
1148
4986
5081
5374
6510
2038
6122
5121
6654
6282
7509
4631
5336
5943
130
998
6842
6335
7843
3346
3529
1864
7556
578
5098
5523
1273
6802
2959
5153
4646
3504
5867
2102
5624
1170
6402
2756
1993
7883
6425
6416
4514
4740
3792
113
6055
2615
5744
7500
2684
3425
681
7487
8314
2914
6805
6555
7310
59
6594
1095
4122
7716
1764
7491
7745
7871
7328
2685
2904
3338
3216
1240
1989
5035
5332
7793
8009
57
5205
701
5353
1930
1340
2461
3630
7026
5538
1768
7895
6659
4972
3496
6002
1908
625
6590
8254
5717
5408
1111
1826
342
1603
5965
7039
3271
7446
4005
4654
7821
3785
762
4682
7663
4917
1296
8130
7518
2016
5214
6696
547
6581
5757
6933
319
4201
4334
1974
2456
4310
8146
6625
3161
2014
5879
7877
3871
5776
6781
657
4004
3461
2294
618
1465
3467
6068
3808
7320
5262
2013
3525
8050
5727
2114
5919
6442
1450
704
440
7769
5122
4341
7227
6612
3919
4007
3725
565
2177
1310
1750
5261
406
6600
2665
1324
5619
328
3584
960
6032
5056
4849
2345
70
4763
3982
676
128
8309
6730
6790
542
1347
3839
2463
7008
3928
7312
4890
4900
3122
2890
2935
7074
1033
6041
2229
6135
1677
4756
250
7761
6066
1079
2965
6981
5311
8121
4834
6470
1651
5696
3970
336
2734
516
6371
3299
6869
1621
7262
3374
7571
5416
1962
6839
3951
6438
6217
6812
5201
4605
2299
7095
4026
4320
157
5659
1321
5350
6184
3413
4435
4375
1772
6558
2776
1855
5306
1756
4276
3049
5272
2950
1462
3490
3289
610
7442
4664
7060
6130
2324
2668
5761
292
5681
5895
2664
5337
3151
2575
7624
7925
5200
6374
5193
2985
2942
6741
640
604
5299
2846
4052
2917
6900
1380
6129
5904
2106
3487
1867
4062
8186
1172
3411
1348
145
3050
2492
4617
4649
616
1467
1441
2295
7117
8263
3750
869
2498
3489
7953
5421
7860
7553
2876
4973
968
7036
2207
5537
5392
2567
2056
5525
2398
3835
6487
7629
2274
5237
5403
6355
4745
7455
4331
3801
5533
5490
2483
1990
6086
7550
2301
6897
2534
1064
4701
421
107
3957
5848
3405
169
1578
2371
2852
4170
6940
5305
609
5281
1714
2033
2614
905
6224
2583
6934
2831
8129
552
6699
7516
5091
3974
4335
1047
1556
7751
2061
5948
151
8310
4278
5090
7243
5663
4720
8076
314
5718
1235
2893
1906
8116
6513
8134
2198
6382
5451
3272
6911
4667
3960
1518
1332
7279
2218
3937
1814
4008
1811
5735
594
6799
727
1608
7411
5154
399
4457
6354
2429
5532
711
401
3441
1975
7700
6937
3881
3000
8215
1489
4995
3729
1684
1970
811
8234
1020
1765
4321
4330
4737
6273
2811
4196
7296
5302
2375
930
1800
3316
1946
5978
7319
4914
3414
1322
6125
5388
3455
1335
2309
7951
6804
476
6443
1213
4666
6089
5495
1234
6264
831
4003
1938
8233
7240
7919
6691
3123
8170
5607
7526
3846
6646
3015
363
3498
6853
7861
5040
1530
5844
7755
1795
4113
1841
2916
2745
3248
694
4803
5947
7864
1626
3969
5297
6880
6281
7441
3158
6816
4171
7511
7846
2408
3118
3022
5427
7948
2859
7219
2216
3027
2790
5511
2673
5535
3838
7278
3559
1984
6200
5559
8201
733
4433
1658
1078
553
4158
5708
5197
1947
5784
6316
394
4977
7552
5870
3538
4306
5020
1577
2074
3796
3542
7560
1925
1432
4510
4090
1749
1435
1617
6324
8227
7977
1506
4614
1358
5356
1831
2898
5524
4415
5156
859
1671
935
6766
3531
4053
1830
1461
3562
4594
5465
3046
8216
6481
1515
7387
5987
6616
6049
2341
1779
4255
5813
5554
1381
7236
4585
5940
202
3471
2700
1652
6345
3955
7667
2812
808
146
391
5219
7083
7517
1097
3144
7715
4685
1542
6500
6935
3190
240
5209
582
4192
433
3403
3365
1508
3426
2882
1331
6779
5424
2671
6809
6578
3834
2482
7139
2333
886
674
2529
6465
3540
4990
855
6378
6483
5726
8290
1600
5703
4543
732
964
4012
6267
4616
2683
8086
73
1689
4618
7085
4545
3382
2597
7685
2570
3972
1936
6070
4931
435
1934
712
3603
8084
7245
4884
2637
5710
6384
3133
6434
1767
3710
3700
7969
7483
3360
3848
7153
1504
2632
4704
7575
172
3181
6171
627
7819
6726
1783
3407
7618
7764
8269
8191
843
7066
1159
5521
3145
4284
631
2642
2742
290
5497
1302
6727
5498
5480
3132
1447
5640
4359
7064
2927
1715
606
5234
1691
7221
1408
5888
2232
6845
8291
1077
695
207
4621
253
3310
8252
614
776
4274
1258
5463
5285
5803
6728
605
7975
7437
5558
6105
8066
792
3763
6663
4487
5151
4299
2598
5962
5604
1473
4453
7904
7215
6864
1134
6873
6580
5980
4279
6406
3348
966
317
7674
1182
198
1587
2112
5874
6484
6131
6548
7749
3755
5038
1980
4448
2054
3206
4358
1785
6312
1999
6107
2712
4394
4317
1112
6832
7092
6485
5217
1100
6230
832
3797
3366
4267
4956
2293
3704
3052
2351
7388
2640
1710
7182
4760
259
796
715
6154
3510
4442
1769
1871
1933
5660
7167
4087
3828
462
2298
1744
5310
3741
2611
7933
6814
6706
171
6982
851
939
6306
3444
7740
548
5322
2610
945
980
744
4033
7724
337
2120
1635
7306
1337
3541
8164
3278
3281
6275
3624
2649
1017
6720
3647
7815
8143
3169
592
7497
1471
6454
400
3640
444
2459
3892
6931
5931
6517
3085
2479
7875
203
1832
2659
2279
1073
5614
881
6344
4266
154
5252
5210
2338
249
393
3976
4659
8088
819
820
8184
8169
6713
2396
7785
350
129
6846
763
1547
1009
7242
97
6942
6139
2094
5805
5623
8005
4762
1396
3380
7548
7687
1157
2118
5728
504
3352
5963
5064
5782
6252
7797
2954
6126
4998
5474
2139
6843
4064
3012
5847
7028
5475
5786
6875
3917
1110
450
5974
2019
1716
1816
3539
7800
7924
1911
2011
7116
682
6240
219
3772
2386
7859
3370
3774
4609
6301
60
3355
6170
937
6866
6009
2675
5592
4691
2988
912
3800
6150
2565
3086
8241
6462
5669
2204
558
5695
2696
260
3618
6096
2627
632
5599
1682
1152
72
6195
4312
7250
4548
7395
2161
3936
1359
2735
794
1879
2544
1147
7943
6566
6768
3713
1015
4784
445
2440
4562
6944
4404
1205
216
1178
6626
4728
7201
5078
1143
2887
7930
841
2271
3706
1407
7717
4391
422
348
426
6463
814
6573
2268
7606
2292
7972
7269
7806
48
5872
5691
468
6886
1101
7605
1611
8259
6946
1204
2164
6601
1791
2053
2340
7732
6734
5213
1308
3799
4557
7266
3745
6961
7143
5437
1573
6855
6765
1612
4727
2976
5768
6480
3493
6394
1165
296
5330
3687
778
2471
4870
138
6861
3439
322
1371
4948
458
4574
3055
8315
382
5593
6422
7237
1238
6608
1770
5089
1554
5588
4018
4857
6529
8029
5837
4789
6703
7786
4520
3840
6278
7541
1279
8000
6685
5246
7611
4418
1440
5137
3328
2411
6216
626
1690
1797
8286
2744
6596
2097
5814
3532
8161
5124
705
6997
6534
2547
8278
3222
5293
2593
4569
3356
5750
105
7225
1401
396
5683
1777
7362
804
6415
6593
7141
1633
3470
3605
5368
8063
7300
1627
2896
8182
7590
3497
383
5859
2475
313
8016
4123
4775
2249
3114
7149
8155
608
7589
2554
2267
7456
1891
8043
7150
3189
758
7154
3176
5790
4079
5534
6192
3509
4506
1694
1362
1167
7432
6179
1437
5150
3239
526
6124
6905
4700
4645
5413
1130
5148
238
5160
3064
4326
2497
3016
7696
858
308
8221
1645
3345
1199
8035
149
8061
1021
530
5933
5930
1271
5139
7345
5051
4465
2600
8316
5547
4439
4716
3463
524
7967
4142
2710
1323
800
3084
7928
824
3251
1509
2320
986
8276
6881
5447
4323
7270
6232
5496
3944
8054
593
2648
1884
4351
1030
186
5341
3852
3769
8283
2751
3068
6488
7712
8222
7309
4293
7992
828
6825
6964
5884
8173
2718
7001
2255
3946
1736
7880
4314
2397
4902
5022
7205
3909
3563
5177
5298
1730
7216
134
2070
6241
2801
1192
5457
2572
2402
7062
1918
1475
4739
6156
7600
4781
6722
5292
118
3781
4244
1356
475
5788
3314
3409
3817
6598
6894
8110
7691
6197
2280
1852
5586
7876
3788
4179
541
352
6381
6823
821
4938
2759
703
6841
1495
7377
2225
5449
799
5668
5833
8228
2073
6012
5204
5743
847
3926
2354
1805
4832
2743
5412
1846
4875
529
6279
3449
3238
7998
646
7631
4149
5348
4222
8206
7249
8090
2697
2971
6750
3171
5376
5845
3649
3059
2104
7239
6373
3396
7504
4384
63
1398
5679
7608
388
5333
7994
3948
7734
3033
1591
892
2723
5344
3518
615
1022
7719
7195
4968
3859
6078
5268
7275
6556
5672
6515
6520
7061
2707
6087
5277
3250
6512
3312
7788
5633
731
6090
6561
3922
2166
5503
569
1174
277
5464
3494
2051
8162
6505
7664
3026
4471
2566
5418
4227
2202
3968
6094
4482
6128
2310
697
4410
2122
6966
4458
1637
717
4887
985
2645
3298
8296
4665
1641
2443
6588
5625
2728
4043
1747
4909
636
3708
6161
7022
4924
4733
83
205
6974
5820
2262
2337
2490
6233
8118
2870
6142
271
1171
1851
6353
803
4257
2152
3023
470
2646
4878
680
931
2750
5266
6675
2830
7636
5174
280
6315
7830
1027
6366
3632
5309
873
7235
1580
340
1932
3500
5126
354
7207
4455
6648
276
3499
3056
5409
2586
3440
5748
4343
2686
1121
119
5187
4591
7431
3767
3703
3940
760
1522
3760
6537
5555
6653
2095
4809
2066
6831
8239
3790
659
6456
8190
5267
51
1861
1986
4663
4717
5741
2979
3412
3194
4265
6494
2948
6098
2442
492
1217
5887
4063
2810
6182
1233
3565
8231
913
4069
3423
1434
1948
2445
7350
4010
3180
1484
4533
58
4146
1926
4420
3466
3417
7501
4918
6680
2189
8073
7644
5411
861
4872
6057
5211
6526
1685
597
719
3091
506
772
5215
1122
108
6398
96
1304
5452
1773
6798
8123
4424
2590
2185
4767
4599
3147
7576
3973
4045
7979
2828
3081
2559
6108
5863
5734
5647
4373
8258
3294
4463
264
7273
2969
2727
4882
7212
6349
6317
2140
1803
2018
3571
4477
6771
1074
3899
7736
4292
8003
652
4827
7870
4186
6815
3809
437
300
4846
6261
498
7671
1293
8007
1216
4181
4400
1808
6818
2165
2626
3385
8208
2360
4215
3150
8044
997
4861
2835
2252
5249
7421
5953
5255
7563
6334
1940
4319
7929
2384
6811
184
5320
8229
689
564
5632
204
4939
6302
6547
739
3513
381
3393
2077
8060
1312
7056
1403
3916
1226
4524
7888
1453
1874
4791
7768
4141
4392
5478
6426
1257
4843
5485
35
2489
7020
6912
4428
3391
8033
2569
1693
295
5738
5144
6631
3430
4735
4678
633
2717
4104
2964
3754
5358
213
2834
969
74
7254
7532
6042
8198
6550
8034
459
3031
3447
1292
7531
2962
8255
6259
2159
6797
1090
241
279
2444
8195
8062
2034
5425
7917
2545
2357
7818
1283
5440
1790
3212
5378
5864
8108
3534
358
2635
2270
2132
7325
2733
7055
6775
2623
6525
5189
5915
5937
135
6723
4325
1439
7813
4708
4567
4644
7217
3851
3128
721
5733
977
3556
1894
687
3277
1982
5860
1601
7546
936
3337
6658
768
7138
1731
5359
4826
6953
8245
7499
2100
5855
7869
4627
2941
2819
4898
7838
3549
7987
5199
5960
1955
6321
3101
5271
7794
1566
3453
7680
4094
730
6523
7385
8288
7302
1230
185
4947
3544
1448
5657
3625
1330
6760
197
3422
2911
19
805
1005
1575
4217
948
3668
580
5355
6540
1169
4207
7569
7872
5568
3959
3882
1397
5851
7211
3718
1834
3877
4470
8253
5113
4839
333
1541
6930
7318
956
7177
1576
6745
533
8260
7400
7359
2500
5477
8243
577
2520
3476
4202
1558
7783
802
1928
1081
2243
7723
4999
32
5393
951
3727
1272
6794
7351
6927
781
4242
2156
5780
7057
4309
1912
8183
1899
438
2900
1780
4059
4842
4903
6969
298
3933
8015
6582
6080
265
2103
4787
4943
1120
2905
8264
3918
6995
1534
7118
4168
4546
4015
8194
4564
4147
7720
3136
3327
1920
7006
5794
7984
7073
2771
2119
4236
4490
3140
5692
2616
2874
3695
8104
926
4798
1237
2558
4469
5905
4963
7457
4587
5230
7402
5312
8251
6204
1357
3331
7911
2076
854
4820
7812
5617
2355
6258
480
5890
2856
155
6810
7428
2521
4106
5516
3203
3279
89
779
2286
6564
7677
6341
5876
3685
7790
1168
1221
2417
1384
1505
4001
500
910
8179
7358
4985
2655
3673
4828
6190
5871
7054
4749
4298
1275
728
1225
2032
5400
5758
5578
4867
1937
2130
1952
5133
8256
4656
3607
4976
7121
7528
3585
3966
1376
2199
1862
3163
2703
4398
7247
1282
3967
653
6419
2181
3249
4515
5395
3082
2909
1755
2857
6854
2670
3061
4688
1066
42
311
1360
1720
7694
5967
6770
5171
2726
5764
8181
1051
1701
4927
5106
7988
6508
3148
3167
6021
971
1531
2543
7613
2239
1596
2793
3771
3280
8081
1913
7828
7853
4601
4793
2085
6005
2624
3659
8204
4883
467
6701
1532
7698
6473
464
4534
7672
2234
2362
7913
1584
3445
866
6145
5023
2875
2952
6757
932
4677
3938
1666
1214
907
3631
3349
2359
3722
6427
7261
3373
6449
5054
7549
4706
2031
5676
3770
5438
6460
7634
7258
230
6100
5468
4092
4491
7292
5459
4714
6945
1318
5373
237
3028
3837
3386
6377
5751
5173
5068
7577
6859
6151
1726
378
1295
4145
801
332
2536
3615
256
5729
5182
4949
4200
2289
434
1149
4213
5250
1845
116
1675
5387
3112
1039
1712
5063
6132
5988
5226
538
4472
7968
4100
3786
5929
427
2651
1752
4473
6777
5823
1843
3343
1256
3845
1649
3901
5155
2510
3074
901
7620
71
1631
7507
7902
1276
1707
474
4088
7995
3219
2688
7808
5755
8064
1659
7040
8154
7775
5753
1458
904
5307
5006
6448
1242
5539
4352
3185
4933
4050
6475
2470
4814
6490
3832
2795
2999
5377
2618
7774
6538
6848
4993
6850
316
7094
6280
2
4579
3047
7649
7831
6986
3126
909
1355
6821
7102
7540
7260
3705
1436
6376
1328
1267
5913
6060
7361
7759
2036
6599
6967
3676
2334
2535
6717
3915
3459
159
1200
3536
8002
3018
5975
3379
601
102
6144
112
4039
7114
4028
5443
1096
6030
3728
6187
691
5722
86
6924
4021
4759
183
441
3694
5641
3321
2148
7810
555
123
6198
282
641
6984
8026
4724
7746
1456
6784
6644
4650
6883
6947
4313
2370
346
3697
294
7475
3895
4877
2284
1343
2951
2838
6330
7264
6800
1189
7418
3616
5057
2195
6498
2990
6369
4357
7065
2892
3807
2414
472
3606
3038
1133
5398
572
4362
8055
2940
6632
836
6801
7033
7481
315
4051
6207
838
495
771
4338
3699
3311
6284
665
1102
4126
5473
6960
5493
2219
1431
5706
4988
7502
2213
6621
2043
3757
1796
5638
3690
1507
2907
162
6023
3384
1042
2576
4858
2347
4280
4068
91
1057
4387
7059
5011
1839
272
6421
1676
3683
1571
7000
4243
4304
3985
4805
6568
2555
4488
4530
4017
3335
4786
4117
477
7434
4085
5075
4647
1406
7654
5564
7776
1265
5228
7396
7678
4180
3241
4768
384
1260
1038
5119
121
2235
6908
5838
4390
1410
3199
7739
7448
1763
1760
7007
7230
3418
5829
834
3655
2093
1709
4419
8220
7107
3896
2368
3986
3910
1900
5670
8171
2594
4237
3095
3654
813
540
4105
4037
5165
7231
3103
7360
7637
4751
4625
2881
3283
2647
3375
1915
4073
7086
485
7938
4071
2822
1224
7429
5574
7023
5589
6758
7955
1965
4830
5263
5842
5680
3192
3880
5207
3860
6551
7826
4484
4413
5891
976
3732
218
3622
2609
1725
3258
4729
891
8028
6451
748
5467
1492
535
6692
2057
1455
7935
5176
581
7964
7989
1924
7415
1383
7894
5955
4669
4920
8192
3432
175
1241
2994
166
560
2174
1590
1528
1420
7603
1013
2806
1002
7045
2947
7781
4295
5711
590
2714
3764
4623
3712
7762
2599
7128
1084
4381
7423
1146
6528
7610
6445
7887
4102
685
4080
7339
6176
5114
5010
4812
5303
3740
65
1243
8072
5492
6876
44
5752
6719
61
3723
4873
14
7789
4396
379
6286
4256
897
5819
7096
3583
7265
4011
2603
425
153
1809
6579
2146
2353
2441
6257
6834
5070
7409
933
6889
2261
782
2620
3214
5857
5327
1142
1761
767
12
2711
3260
5804
6835
6418
4833
4259
7088
7382
1426
4430
1468
5773
815
7427
1412
7743
5178
7957
3502
1093
2087
4571
5300
2430
2715
5778
2307
3646
3351
1055
1793
1759
1889
318
2247
5756
5849
6826
6477
6352
6350
7596
1719
6507
3259
4895
7393
2472
4561
7632
903
8219
6681
6342
2660
5892
6337
7936
1076
125
6617
6709
233
3519
4761
6455
1486
3113
5571
6563
2963
8153
6440
7926
5288
7077
4589
3609
7676
2269
8249
4643
8040
2689
242
5366
4226
1374
3135
5901
3008
7220
588
1349
239
2582
8020
4185
1949
7192
1888
7962
4056
6166
5326
4864
4544
3438
7146
4734
2045
2746
1703
6223
671
7866
6359
523
770
1743
5644
7770
6716
6660
8095
942
1019
2433
7570
1290
6649
972
5042
329
7185
6793
3588
344
4628
3782
3844
7852
2206
3087
1150
7959
41
5621
7467
5179
3678
1942
3273
6153
4172
5164
1114
7108
517
7234
4187
1298
5140
2110
7820
4075
7742
1105
6740
2277
4489
5109
1316
3282
1525
4176
8106
6806
7741
4361
4150
2050
6989
8099
1010
3138
1125
7643
4844
3029
6147
3883
8151
3620
4459
1642
7578
3071
236
895
3446
6304
5279
4597
1193
7014
8013
3344
1927
2026
8046
1208
2175
7218
5993
3643
6112
6174
1277
3942
4031
1248
4930
2993
4478
1037
7574
50
5920
2278
5426
4041
2748
3943
5818
2062
3978
1438
6160
899
7135
894
3977
5986
2078
4935
2929
5448
1836
7485
1464
3560
4044
1463
4965
5654
7051
3454
6134
3410
0
6609
959
2912
3812
4705
4568
2817
7210
7145
559
1527
366
7379
3195
6185
7016
3198
5185
8307
8242
5372
6729
7558
1620
2779
1638
228
7130
6288
5097
5883
7908
7718
7468
330
5858
7941
1909
4907
8188
7583
3452
5048
1956
3485
326
200
5561
387
4929
8056
2701
2823
4315
5824
6245
7594
7492
3945
7440
8140
168
3666
17
8132
6476
4108
6457
3191
1968
2519
3115
4540
6405
5636
5102
7535
1895
7248
8107
4774
6051
6215
536
2588
5899
4261
6906
493
827
6738
5044
6014
7473
84
1180
6836
5269
3042
1657
5441
8246
4889
4850
3914
8268
7038
2695
3661
1369
3574
1429
752
4698
8125
7277
2677
5100
4198
2282
3830
7161
3947
8148
6253
4322
2827
4225
906
4851
8068
225
4959
539
4437
5542
7488
4282
4119
908
395
5793
2878
688
6074
1069
6948
5945
6592
1404
6698
3780
3491
6026
887
5688
6073
7584
6414
8147
3507
4615
4754
4722
673
5456
928
8275
6514
2197
4208
807
7451
5434
623
386
6428
3863
4251
5110
199
6673
3186
21
2504
7381
4191
4604
7907
364
4838
54
7081
4283
3665
6319
2884
3849
3598
5264
7910
7374
5856
206
5989
4081
2698
3979
2192
7461
6780
2836
1482
7612
4109
221
7650
7222
3089
7670
8039
6851
5351
3730
6220
2880
2266
1000
4193
7725
3073
2363
2080
3159
3558
6327
7927
2304
7027
7982
5774
5551
1255
5314
660
7329
2525
1636
1860
6119
2631
3284
4904
7506
5276
1653
4672
6048
5701
2925
2630
5925
7642
3443
7544
5012
6891
5386
461
4503
7327
1896
6444
2373
5862
774
5158
7490
2315
8317
8138
374
3024
5103
8083
5223
1778
2564
3872
5354
148
1392
766
992
5678
7524
8144
7009
3965
554
2998
1144
2628
3658
6310
6972
1740
3775
4296
306
6808
4246
3520
3516
6715
6329
2768
750
690
1548
2069
3594
1667
7103
8135
3503
5693
2188
2313
1907
5868
5781
6828
173
5396
2625
8272
5606
4024
2782
1202
5760
6294
2705
8078
5227
642
6638
1599
2012
5273
106
5045
7792
1115
874
6208
4078
6575
6901
5455
6511
5634
3297
797
1607
1512
5445
6441
1680
5990
81
6708
643
1996
8226
3623
7837
1249
5472
4144
1065
7398
3475
3747
6146
2105
7868
3990
4082
195
4445
5212
6162
2481
2346
2458
1614
1681
7713
4916
872
7238
4750
7412
3416
6249
1669
2327
1129
6817
4565
2451
1727
4824
2662
5232
2585
3255
7018
6539
7796
1824
6077
6298
5287
4908
4231
5671
3820
4434
2681
4655
3776
864
2272
5265
2121
244
3827
7536
6636
273
6860
4140
6071
3681
6885
6662
7614
8089
7099
2803
7063
1209
8017
1859
8047
7156
3107
301
5982
6265
5247
5108
423
2144
1782
7679
7050
4796
3066
878
6025
4393
6639
849
1313
4792
3628
644
2331
6522
1314
152
5594
7991
599
4019
7561
7314
5092
488
8199
341
6725
4336
2317
4982
4444
1116
4349
3106
3172
5346
700
7702
4151
2052
6489
1849
7697
5577
6640
1555
2135
999
1557
7405
4521
1687
3347
6423
4111
7290
5922
8031
5242
2938
1054
4921
1898
2250
2634
7638
7814
6903
447
1003
2158
2200
8210
3998
4086
5562
2740
740
3523
201
7728
7287
5939
1364
4409
6611
3648
2621
1570
4954
3765
6186
1540
566
789
574
2356
5027
4577
7923
2669
2829
1939
7748
5583
7471
3402
6902
5221
3437
7598
7152
8115
1806
6038
7293
2839
7767
2125
1399
7816
5111
8057
3789
2191
8270
2741
3635
7341
7403
3814
2946
3887
90
5082
7721
2168
4584
5510
4881
534
7486
4897
785
2943
6712
1501
4364
1303
2326
7645
8235
372
852
6047
5163
4403
1771
4741
4421
4272
109
1342
7477
5971
4132
361
7744
4511
1306
4997
8305
3798
3711
6303
4065
2549
371
7641
4922
4070
5494
4765
7949
611
2591
2915
6767
3252
4675
2873
7342
1385
7414
562
6710
2883
7865
1598
3570
5570
4516
5779
1654
5471
7375
1697
6292
6977
8273
3617
3746
3235
862
4606
7738
1395
1402
3109
7002
6104
2487
247
949
2221
2843
7823
2781
3006
515
6957
7334
5941
6752
2145
1943
2010
4369
7268
3300
5066
3621
4694
6739
7365
2842
8085
1319
7693
7538
5531
3939
6655
2601
1274
6857
915
6015
2841
7454
4368
860
4462
2108
3724
2770
43
7896
7127
3674
7591
3987
6827
3693
3826
248
5807
234
5897
8019
5926
7166
2072
6504
6270
2761
3233
478
1708
4347
3362
2804
4125
4089
4699
28
3209
2406
6785
7773
7842
2800
5869
6884
5787
6164
2230
6776
3436
8280
4845
7827
3611
1151
3088
4425
2589
2236
2511
1352
1702
6615
2719
6433
5481
1481
5893
6181
8287
64
6847
3093
1668
3330
7133
7313
6979
4254
482
4992
4807
2258
3332
865
1853
5843
5832
7391
5603
1679
6918
5552
7879
4693
6753
7961
2539
4794
2799
4837
25
2713
4987
4379
1991
3492
7347
2866
783
4893
1935
1443
638
3850
4074
1368
1175
1088
1751
7080
637
7903
4588
2767
2486
5034
7470
8308
667
4190
76
7508
5454
2335
7233
658
1987
3924
1445
8203
263
223
4233
3119
4407
3361
7226
6004
7996
2002
4689
6035
6362
1008
2548
3805
595
3100
6634
2944
7307
2953
4512
1854
411
7012
532
3522
5970
7572
1966
7829
419
6916
7595
5802
6067
431
5797
5013
7131
174
285
4450
5730
5029
1223
8265
4388
6158
7349
7452
1317
2885
2680
1886
6509
136
4752
5505
469
5349
1483
583
3885
1136
5084
428
5375
5384
6178
4148
8018
6970
4443
1972
2055
759
56
7795
7251
7522
4356
217
2661
1307
3777
967
5841
2667
49
4427
7214
8197
3925
7547
5664
18
7622
6975
3589
2049
7101
3738
833
6351
1579
2290
5627
7189
2578
1788
6459
6285
1011
7659
718
513
5852
338
5610
3319
3521
499
7834
5997
243
2449
2739
4159
3890
3149
5159
3415
5369
5732
4121
8071
2722
3261
2509
7824
5611
7937
5391
7892
6652
1250
751
4885
2808
5648
1875
270
2749
5039
5025
5612
4560
390
6647
1589
3996
5433
7259
3921
4054
6248
122
8021
713
4855
5370
7771
1345
3818
1044
3037
6266
2009
7983
2352
7272
3721
6695
5301
6082
215
734
2322
6923
4408
2084
880
5650
2065
8037
4480
4328
6955
158
3735
7931
5315
3268
4590
1185
3003
4029
7111
7798
6188
5138
1670
1382
1581
3464
3557
5658
3768
5236
5206
7934
4862
4157
3734
6339
2350
826
3287
664
5861
2499
3929
7298
1664
5016
88
5952
2391
6293
6922
6180
1812
6862
7615
4531
1132
5060
2083
2136
2772
918
5385
7690
397
5896
947
4835
6874
2561
2457
3156
2692
5809
2220
4318
1389
3906
5830
5938
127
5444
7944
7184
4958
7124
3420
3716
4206
8202
1781
520
1419
418
1212
6492
587
7223
3020
7224
5770
7386
4245
4399
4612
4513
7308
7901
5198
131
2176
69
6650
3650
4879
156
5630
7206
2527
5639
978
4481
454
1301
1567
7005
8136
3766
7585
7031
5985
3221
269
3097
5865
4416
4281
1451
6949
1367
85
3408
5026
6450
6493
45
835
6633
3207
4076
3483
3302
3824
6468
7322
5184
2981
7782
4436
5446
3599
6364
512
2067
5094
1833
2214
5125
1699
7802
2798
6676
6637
708
291
2099
2314
6819
7140
1085
87
4308
2936
6755
3197
4508
2851
6043
4507
4023
1244
2568
2079
3876
7656
2246
4219
6849
5248
7294
6783
37
3528
8032
2923
8111
4162
7918
8023
2328
5429
6697
5569
4223
5506
2101
2264
1444
1089
6115
8218
7947
510
6272
7076
6173
1315
3743
7543
5245
1742
1733
1807
1775
4288
4869
1379
989
2699
7627
4730
3679
7123
1388
6056
1880
7881
7878
2706
8293
1643
6677
3011
6453
4253
3568
4496
521
2676
3184
5118
5759
8098
7015
6748
5900
784
4355
7510
2933
2629
4825
825
8011
5769
1386
1916
3636
7735
3208
1046
1305
7257
5061
5172
4639
5715
6389
3866
2868
8160
4602
1126
5917
2496
5519
7079
5973
4485
1012
8112
844
6299
4291
7562
6263
5458
5394
5256
2488
6552
6
5686
7283
6772
6642
3843
6627
1597
4386
6833
963
3795
3696
7158
6679
6123
1400
8042
2780
3296
2932
6228
6641
2339
7772
1472
1239
3364
3980
6417
3433
5822
6887
7170
4235
4831
5489
2418
6046
6988
3053
1954
4662
2738
4013
2606
1063
5397
1847
1985
1339
5827
617
1754
5831
7404
5515
5828
2244
7113
3323
53
6246
5878
6244
5866
5431
6542
1739
114
2729
7025
8117
974
619
5229
3124
3040
6962
2754
2021
2342
3505
1247
5296
557
1478
463
6420
5428
2989
5546
917
2977
6956
4371
4556
3739
4575
2323
4000
6136
2837
1414
6629
5801
4626
5188
7882
7737
6320
3111
7920
3833
7032
7297
6169
7559
5186
6502
8175
4370
6751
6939
5149
7112
2260
7703
3481
424
357
3098
5723
7722
6229
7801
7668
2937
6061
2877
1045
8119
2903
5961
3134
3988
7564
1164
4372
1203
4821
2281
876
1338
5323
8312
5785
1286
2117
1678
3448
5239
7942
4205
4566
5244
1184
6040
5550
4209
5661
4853
4817
1798
1251
1004
7204
3390
898
1692
7505
7263
6390
5690
6792
2154
6189
1056
3021
1660
2523
4690
2886
3823
4498
573
2460
5461
3677
6034
1156
7849
6595
7433
5132
4866
5360
7363
3121
432
2765
4342
988
7311
7191
2865
4414
5007
3897
1325
80
3512
4103
23
621
1583
2434
7137
7554
4402
5030
5152
8295
417
1683
4479
140
3359
2287
2736
3652
7752
6536
5656
288
3756
6072
6236
3954
2928
5021
1387
6065
7582
3886
6332
5713
6822
4607
2369
1264
5260
2860
1173
780
4093
8211
7291
7707
3720
2364
4836
5190
5712
6630
1524
6308
147
5364
4047
6383
5435
987
2789
1885
3104
4517
3672
7151
603
3993
6356
1422
3077
765
8041
7198
3324
4422
3878
6469
531
6431
6687
6404
7844
2385
4374
6910
5763
3932
3586
6111
2428
8128
8051
4576
5085
3554
5499
312
6276
2693
2163
6852
2910
4539
8303
4795
6807
257
79
2995
5598
4258
5032
4871
1454
2978
6890
8027
4549
7779
7366
4679
3142
3573
647
7035
3952
5924
3861
4447
699
4725
7647
2960
6234
443
7662
1870
4333
3175
4964
7069
5881
5958
3213
3569
1163
4446
4401
4991
1497
4271
3350
2092
4182
3187
3001
5136
7070
3853
4174
8094
409
1741
6959
655
3822
7295
6872
2321
3458
8248
365
3810
6764
2791
5580
3369
4736
7648
8212
5504
1227
6553
7
5275
4160
761
5800
55
8152
875
6432
1028
3225
5998
757
4721
3276
6983
6879
487
7480
5934
3548
3784
3889
2201
7384
196
4027
1048
3017
6554
4138
2318
8137
4880
4800
4558
6209
7252
3935
7688
2257
4426
4525
5436
4989
7567
8224
6191
501
5522
1953
4411
3246
5826
6589
6746
3400
1181
5041
208
911
3057
4932
6039
7950
1041
6733
1672
6603
4542
1789
1098
4034
98
4572
4238
278
4641
1154
13
309
5777
8036
3577
3293
2997
4097
6678
2778
900
2302
8232
229
6694
4016
6076
7202
6410
5379
479
8207
2297
848
3567
7750
7588
5747
1613
1452
4327
7573
7019
5001
3226
6202
3748
507
1280
3995
2253
1998
4378
1776
1921
1479
3758
268
5404
3592
2934
4474
3196
1158
2551
953
2514
8010
5280
6838
4906
3675
4084
3669
7208
2690
6567
2638
6447
416
4248
2968
6052
3131
5946
7029
6143
5036
3941
2088
4353
7635
6199
3242
6576
6519
191
602
3664
6991
5812
6474
2512
7369
3304
8285
5047
2436
6357
6254
8277
6322
1370
5918
4297
7706
6203
3381
2814
613
4363
7754
3460
7162
2825
5808
160
481
6183
5513
2958
4234
3399
4957
4966
2694
7466
6878
6239
6622
6478
6749
5999
5127
7850
8075
4538
6307
7346
6149
3264
7163
5253
5321
2612
1961
5191
5772
6013
293
6704
2044
7714
7338
4252
1218
5885
2423
3129
289
5951
7599
3949
7640
1533
1630
7857
404
4264
4635
5873
822
2961
6287
7336
525
6950
6762
889
4383
7172
7447
4892
1904
2752
4055
4541
7024
7232
5019
661
4009
2446
182
5484
3065
3783
5882
5317
3736
4441
3229
4038
6400
3900
1519
2003
4212
8122
2920
7683
4263
5972
585
1198
4509
7315
4285
1442
5004
2672
3692
1500
1191
8149
16
6413
1179
5340
4199
5243
3815
1390
4865
4772
5834
2372
5318
502
6062
1252
3083
5877
6274
696
6340
630
7534
4048
2562
3363
3517
2047
6479
6921
67
7115
2329
6010
3920
4797
5203
3117
5694
829
7681
7213
392
4277
5130
5390
6516
1639
2528
2037
1232
3146
5816
2263
925
7426
1850
3354
5003
4154
1072
622
6372
2956
3205
7496
4497
2025
5175
4680
2532
6682
4573
4854
7529
4876
4241
2563
1117
2109
3019
8311
5342
7256
2816
4695
4134
6858
6437
3367
5992
1023
194
4923
410
3903
1706
6397
5509
668
6075
2775
5414
2584
6524
6399
4960
3139
2210
6452
6530
3292
3465
484
5062
7602
7845
31
5956
3555
5407
4169
7021
8025
1745
3429
7916
3002
7617
7482
6109
4152
6604
4942
8053
6053
3067
5954
6031
3698
3058
4060
729
6914
5575
884
3178
3651
2980
5991
3657
1270
1616
612
8126
543
7587
6210
7705
2702
5544
1176
4247
6385
3060
6546
6656
3811
2820
5046
6231
4532
5168
1842
8001
7449
3641
3637
5944
7344
5587
6022
3819
3102
4527
267
5687
5101
3051
7106
6375
2840
5291
4397
7689
1905
7048
7136
710
6165
7199
1910
7053
3397
6461
2390
5907
6262
3182
3392
496
5325
4813
274
2196
5453
3981
8133
4710
1737
5316
4129
6439
5557
1661
6602
8038
6549
494
2784
6683
389
4874
8
6769
7952
4732
1285
1523
4731
7125
7586
3495
698
3581
1717
7472
327
2377
439
5361
5853
6113
5821
5313
7104
8166
1521
1263
1236
5595
5417
1001
6577
6742
1592
7355
283
3076
286
1118
3688
2656
1634
7963
4057
6289
2124
8279
2186
7905
1294
5771
1261
1194
6689
1496
1284
5167
2724
5749
4806
4423
2821
3456
5684
1210
6882
4808
7271
6436
5530
5927
1513
6311
1624
4799
982
4551
4287
5836
6391
339
3653
2826
2344
7425
3034
5608
3183
1326
2955
1618
3553
2984
6702
7331
5258
7616
331
2248
3388
5508
4975
3865
5500
1366
3372
790
551
1856
6820
2046
2687
6623
7181
3127
5283
3854
1610
7194
4940
8284
3950
4769
4316
6990
1153
5202
2023
1520
1529
7044
7323
929
3256
1957
2494
245
3434
3597
2577
4578
5536
5950
1551
1757
5141
235
4305
1459
2127
2226
2757
8223
1604
1503
1049
3582
3802
2807
6177
6789
1350
5014
5157
4460
5339
7188
984
5903
519
7068
4660
4801
2064
8261
2316
5576
7378
3218
2537
1919
3601
1828
2966
6898
5966
2455
962
3303
3243
7407
3215
5936
5541
6430
3421
2595
5402
2420
6133
6587
1433
7874
3200
5964
5811
6401
6978
639
5921
6778
6743
3265
2388
2753
1108
4091
7666
7836
5652
670
4961
5912
2151
6092
723
6721
1466
4744
4417
1882
8176
6037
3806
1585
2491
7954
2919
6925
2518
1951
1647
5585
4137
7321
6788
6464
3486
3270
5050
7445
5195
4495
7766
4066
7807
6137
6533
8262
7317
262
2861
5667
6856
7530
620
78
7316
6008
8244
3358
791
4622
7515
952
2652
2560
1068
5622
1721
9
6532
7514
6127
1722
3032
52
7072
3829
2111
7753
5613
786
5637
4195
1124
2403
4440
4969
429
4847
2427
635
20
6277
2845
7912
4715
5840
1901
192
398
4790
2020
753
5487
4773
6251
5235
1211
6840
7462
6667
4684
938
5631
3983
6380
7203
3575
2179
255
571
4638
6163
5707
1674
6346
6968
1552
5251
7401
6495
6943
4747
3813
7633
4431
3779
2708
2513
2982
961
7356
7537
1973
1372
965
7439
75
5795
8217
3511
871
176
3875
4036
3726
2238
5073
8131
545
4221
1762
991
8205
5147
3847
1887
2809
5381
8124
4676
5572
3984
5514
6759
1131
586
5009
994
2143
3912
7119
4302
4275
1983
7652
2184
2899
1632
4340
6271
1711
7601
3177
4600
7619
1287
7284
4687
1427
1393
5430
3626
3340
7726
1228
1487
2541
7406
1976
7030
3484
2604
3427
7932
537
2241
954
4634
3908
5932
1801
7890
1485
6393
1586
5581
6033
1746
2404
6690
7397
299
2059
879
3644
2374
3010
1269
5071
2029
2636
362
7897
3927
5131
7303
4204
6711
2522
3157
3634
2233
2265
5304
4640
7765
3923
442
3062
7863
369
6379
5767
4652
6657
5825
5143
7855
8142
2183
3680
1220
958
1774
1423
816
2848
2039
1187
5719
92
1866
7097
3619
6314
7675
4653
4620
188
4136
7109
5721
3105
6467
2416
436
2237
2041
2850
4713
7089
598
1018
6565
6114
4020
3009
7985
3989
6976
1820
8271
1804
6909
2992
4674
142
1568
5995
4711
4719
5902
3663
2557
2493
7176
7410
385
579
7710
3794
1083
5347
6531
3793
1162
6318
4035
6408
5529
66
6664
15
4668
2818
2217
1735
349
7159
6787
132
2387
5889
3025
1967
7939
321
944
6998
990
1696
7326
1145
4648
170
7241
93
430
6486
7424
8213
6358
4493
7533
3488
2574
143
3479
7288
1266
5257
1053
3778
1605
